timestamp,value
1495987200,-1.0725509
1495987260,-1.0935898
1495987320,-1.0821438
1495987380,-1.0921726
1495987440,-1.0522752
1495987500,-1.0220795
1495987560,-0.9656124
1495987620,-0.9405402
1495987680,-0.9059841
1495987740,-0.92375267
1495987800,-0.9487159
1495987860,-0.9423933
1495987920,-0.984035
1495987980,-0.98904943
1495988040,-0.9629961
1495988100,-0.9828359
1495988160,-0.9745512
1495988220,-0.9348717
1495988280,-0.9367248
1495988340,-0.9483888
1495988400,-0.9316014
1495988460,-0.9415213
1495988520,-0.9138328
1495988580,-0.89530116
1495988640,-0.9166671
1495988700,-0.9337816
1495988760,-0.9310564
1495988820,-0.9669205
1495988880,-0.9873053
1495988940,-0.9877414
1495989000,-0.9516592
1495989060,-0.93879604
1495989120,-0.9519862
1495989180,-0.9451186
1495989240,-0.87382627
1495989300,-0.87230015
1495989360,-0.87829566
1495989420,-0.8249899
1495989480,-0.8018798
1495989540,-0.81321687
1495989600,-0.814525
1495989660,-0.7916329
1495989720,-0.8303313
1495989780,-0.83000433
1495989840,-0.8526784
1495989900,-0.85376847
1495989960,-0.8555126
1495990020,-0.8324026
1495990080,-0.8326206
1495990140,-0.8400333
1495990200,-0.81572413
1495990260,-0.8302223
1495990320,-0.78858066
1495990380,-0.7883626
1495990440,-0.7598021
1495990500,-0.74421376
1495990560,-0.71761537
1495990620,-0.7659067
1495990680,-0.7633995
1495990740,-0.76765084
1495990800,-0.76983106
1495990860,-0.75206244
1495990920,-0.7304785
1495990980,-0.7232839
1495991040,-0.6723764
1495991100,-0.6772818
1495991160,-0.67706376
1495991220,-0.65842307
1495991280,-0.6389104
1495991340,-0.6287725
1495991400,-0.6102408
1495991460,-0.58734876
1495991520,-0.58734876
1495991580,-0.5874578
1495991640,-0.645996
1495991700,-0.64305276
1495991760,-0.6487212
1495991820,-0.64196265
1495991880,-0.64708614
1495991940,-0.60250115
1495992000,-0.58407843
1495992060,-0.5966146
1495992120,-0.54559803
1495992180,-0.4986149
1495992240,-0.5098429
1495992300,-0.4930554
1495992360,-0.45326686
1495992420,-0.5046104
1495992480,-0.50657254
1495992540,-0.5085347
1495992600,-0.5289196
1495992660,-0.5586792
1495992720,-0.5454891
1495992780,-0.5736135
1495992840,-0.5351331
1495992900,-0.5181276
1495992960,-0.53633225
1495993020,-0.50689965
1495993080,-0.4806283
1495993140,-0.48324454
1495993200,-0.4982879
1495993260,-0.47354266
1495993320,-0.48738694
1495993380,-0.50384736
1495993440,-0.510933
1495993500,-0.51725554
1495993560,-0.48924005
1495993620,-0.47136247
1495993680,-0.44956052
1495993740,-0.4412758
1495993800,-0.38219252
1495993860,-0.40770078
1495993920,-0.36616808
1495993980,-0.3478545
1495994040,-0.3545041
1495994100,-0.37358075
1495994160,-0.342295
1495994220,-0.38208354
1495994280,-0.37336272
1495994340,-0.40148723
1495994400,-0.42285317
1495994460,-0.45283082
1495994520,-0.43964064
1495994580,-0.4799742
1495994640,-0.42863065
1495994700,-0.41903782
1495994760,-0.38753402
1495994820,-0.39723587
1495994880,-0.36900234
1495994940,-0.32703364
1495995000,-0.34055084
1495995060,-0.32823277
1495995120,-0.33466431
1495995180,-0.34545624
1495995240,-0.40715575
1495995300,-0.3953827
1495995360,-0.38720697
1495995420,-0.36747622
1495995480,-0.3716186
1495995540,-0.35417706
1495995600,-0.33259314
1495995660,-0.35603023
1495995720,-0.32932287
1495995780,-0.3007623
1495995840,-0.30501366
1495995900,-0.31351644
1495995960,-0.30032623
1495996020,-0.31209928
1495996080,-0.33869767
1495996140,-0.3467644
1495996200,-0.331067
1495996260,-0.34316707
1495996320,-0.37685108
1495996380,-0.3751069
1495996440,-0.31591466
1495996500,-0.2906244
1495996560,-0.29367664
1495996620,-0.24102497
1495996680,-0.21660681
1495996740,-0.21497166
1495996800,-0.24582142
1495996860,-0.20287159
1495996920,-0.22380146
1495996980,-0.23568352
1495997040,-0.29127845
1495997100,-0.28005046
1495997160,-0.28789914
1495997220,-0.27318284
1495997280,-0.24527636
1495997340,-0.18815528
1495997400,-0.14040902
1495997460,-0.15512533
1495997520,-0.12732786
1495997580,-0.080235675
1495997640,-0.102146626
1495997700,-0.11326561
1495997760,-0.08481409
1495997820,-0.09789525
1495997880,-0.12830897
1495997940,-0.12765491
1495998000,-0.15054694
1495998060,-0.15021992
1495998120,-0.16428216
1495998180,-0.19665802
1495998240,-0.14466041
1495998300,-0.10443584
1495998360,-0.11889778
1495998420,-0.06264877
1495998480,-0.052765243
1495998540,-0.067808576
1495998600,-0.08383301
1495998660,-0.0765657
1495998720,-0.10796049
1495998780,-0.063557215
1495998840,-0.09298983
1495998900,-0.113592654
1495998960,-0.08121677
1495999020,-0.06650046
1495999080,-0.076311335
1495999140,-0.03804893
1495999200,-0.0043649375
1495999260,-0.036413807
1495999320,-0.047859818
1495999380,-0.048513878
1495999440,-0.07533027
1495999500,-0.08906549
1495999560,-0.080235705
1495999620,-0.0655194
1495999680,-0.043281406
1495999740,-0.039684087
1495999800,-0.046551697
1495999860,-0.041973285
1495999920,-0.051130097
1495999980,-0.058324736
1496000040,0.007735133
1496000100,0.03389746
1496000160,0.057116516
1496000220,0.07248689
1496000280,0.073795
1496000340,0.06660035
1496000400,0.060386796
1496000460,0.071832806
1496000520,0.054827303
1496000580,0.07183282
1496000640,0.025721725
1496000700,0.03945695
1496000760,0.017873034
1496000820,0.044362392
1496000880,0.03585964
1496000940,0.052865162
1496001000,0.06987067
1496001060,0.05711653
1496001120,0.058424637
1496001180,0.07870045
1496001240,0.08131668
1496001300,0.026048757
1496001360,0.027356878
1496001420,0.051230002
1496001480,0.015583824
1496001540,-0.016137991
1496001600,0.027029846
1496001660,0.03880289
1496001720,0.0051188916
1496001780,0.0080621615
1496001840,0.07673826
1496001900,0.02964609
1496001960,0.04632458
1496002020,0.02343255
1496002080,0.03814885
1496002140,0.04338131
1496002200,0.07281392
1496002260,0.08425994
1496002320,0.10093843
1496002380,0.09832219
1496002440,0.045670517
1496002500,0.056135442
1496002560,0.059078693
1496002620,0.08524101
1496002680,0.08360587
1496002740,0.09537891
1496002800,0.120560154
1496002860,0.10061139
1496002920,0.106497906
1496002980,0.11401959
1496003040,0.124157496
1496003100,0.10126545
1496003160,0.11271148
1496003220,0.10126546
1496003280,0.07052472
1496003340,0.043708343
1496003400,0.031281225
1496003460,0.002175644
1496003520,-0.012540668
1496003580,0.00021346658
1496003640,0.085568056
1496003700,0.12611967
1496003760,0.18062451
1496003820,0.21136524
1496003880,0.23229508
1496003940,0.22706263
1496004000,0.22902478
1496004060,0.21114722
1496004120,0.1614388
1496004180,0.19446874
1496004240,0.1454144
1496004300,0.11140337
1496004360,0.09864922
1496004420,0.13233322
1496004480,0.10420871
1496004540,0.071178764
1496004600,0.09570593
1496004660,0.10388167
1496004720,0.13004401
1496004780,0.1591496
1496004840,0.16307394
1496004900,0.1290629
1496004960,0.15064684
1496005020,0.1434522
1496005080,0.09047349
1496005140,0.080335595
1496005200,0.085430734
1496005260,0.06749652
1496005320,0.03863305
1496005380,0.044951387
1496005440,0.10868954
1496005500,0.12239224
1496005560,0.13740306
1496005620,0.13311917
1496005680,0.14812998
1496005740,0.14024875
1496005800,0.14119732
1496005860,0.13625938
1496005920,0.14799988
1496005980,0.1643188
1496006040,0.1440105
1496006100,0.16032943
1496006160,0.18318895
1496006220,0.19394836
1496006280,0.18737529
1496006340,0.21742943
1496006400,0.22393751
1496006460,0.20493731
1496006520,0.21438861
1496006580,0.23397781
1496006640,0.24473725
1496006700,0.2466669
1496006760,0.26854533
1496006820,0.3067752
1496006880,0.3011832
1496006940,0.28937763
1496007000,0.2857478
1496007060,0.26805568
1496007120,0.22093096
1496007180,0.22547688
1496007240,0.26337975
1496007300,0.27152294
1496007360,0.29340133
1496007420,0.3211663
1496007480,0.312631
1496007540,0.28872538
1496007600,0.2880388
1496007660,0.27656028
1496007720,0.26017627
1496007780,0.28270876
1496007840,0.25455174
1496007900,0.2600787
1496007960,0.27083817
1496008020,0.26491907
1496008080,0.25115135
1496008140,0.27564603
1496008200,0.2890217
1496008260,0.28212157
1496008320,0.31806225
1496008380,0.3291487
1496008440,0.34252438
1496008500,0.31861874
1496008560,0.3398431
1496008620,0.32803753
1496008680,0.3264425
1496008740,0.3005747
1496008800,0.29563674
1496008860,0.27990684
1496008920,0.25796336
1496008980,0.25982037
1496009040,0.30688
1496009100,0.34609097
1496009160,0.34638548
1496009220,0.368918
1496009280,0.35972863
1496009340,0.34203655
1496009400,0.31551465
1496009460,0.34524179
1496009520,0.34390116
1496009580,0.34223348
1496009640,0.30906203
1496009700,0.314589
1496009760,0.30343747
1496009820,0.30340493
1496009880,0.32724553
1496009940,0.33222747
1496010000,0.36031944
1496010060,0.33706784
1496010120,0.35731116
1496010180,0.35171914
1496010240,0.40531936
1496010300,0.3990733
1496010360,0.40754354
1496010420,0.39802718
1496010480,0.43069753
1496010540,0.40613785
1496010600,0.40741348
1496010660,0.4090161
1496010720,0.43645397
1496010780,0.44950262
1496010840,0.5014677
1496010900,0.5519067
1496010960,0.5973312
1496011020,0.5904311
1496011080,0.56554437
1496011140,0.5436009
1496011200,0.5045428
1496011260,0.5202077
1496011320,0.5453565
1496011380,0.57475656
1496011440,0.5495428
1496011500,0.53871834
1496011560,0.53083706
1496011620,0.5118369
1496011680,0.49774212
1496011740,0.5111178
1496011800,0.5123934
1496011860,0.46069032
1496011920,0.47504705
1496011980,0.45310354
1496012040,0.47269282
1496012100,0.48116302
1496012160,0.52070105
1496012220,0.49744946
1496012280,0.52783066
1496012340,0.49051678
1496012400,0.5045465
1496012460,0.46167314
1496012520,0.45575413
1496012580,0.43119442
1496012640,0.46615404
1496012700,0.45663768
1496012760,0.5079487
1496012820,0.5304812
1496012880,0.5402595
1496012940,0.54055405
1496013000,0.55818105
1496013060,0.5620729
1496013120,0.5545187
1496013180,0.5571024
1496013240,0.5096507
1496013300,0.50209653
1496013360,0.48407736
1496013420,0.5157667
1496013480,0.52587205
1496013540,0.53957474
1496013600,0.54444766
1496013660,0.5565152
1496013720,0.5496151
1496013780,0.52472836
1496013840,0.52894723
1496013900,0.5315309
1496013960,0.50599015
1496014020,0.47390878
1496014080,0.5118117
1496014140,0.49117628
1496014200,0.45484352
1496014260,0.47181654
1496014320,0.47799754
1496014380,0.4691352
1496014440,0.55380327
1496014500,0.60773057
1496014560,0.6152197
1496014620,0.6429846
1496014680,0.6560333
1496014740,0.6285303
1496014800,0.6340572
1496014860,0.6343518
1496014920,0.61502457
1496014980,0.6009298
1496015040,0.6025324
1496015100,0.56652665
1496015160,0.58938617
1496015220,0.6024348
1496015280,0.633143
1496015340,0.64422953
1496015400,0.66120243
1496015460,0.63631576
1496015520,0.6549239
1496015580,0.61270463
1496015640,0.61299914
1496015700,0.6319343
1496015760,0.6397504
1496015820,0.640045
1496015880,0.70770746
1496015940,0.68380183
1496016000,0.65466374
1496016060,0.6364549
1496016120,0.6124968
1496016180,0.60960597
1496016240,0.680761
1496016300,0.7360289
1496016360,0.8122267
1496016420,0.8419863
1496016480,0.8249808
1496016540,0.82269156
1496016600,0.7968563
1496016660,0.7898797
1496016720,0.77091193
1496016780,0.7853012
1496016840,0.7475839
1496016900,0.7675327
1496016960,0.7630634
1496017020,0.804269
1496017080,0.8098285
1496017140,0.8560486
1496017200,0.8763244
1496017260,0.86062694
1496017320,0.8632432
1496017380,0.8966002
1496017440,0.8661865
1496017500,0.8576837
1496017560,0.8871163
1496017620,0.87338114
1496017680,0.88450015
1496017740,0.88973254
1496017800,0.8730541
1496017860,0.8635702
1496017920,0.8671675
1496017980,0.83184844
1496018040,0.9041218
1496018100,0.9456546
1496018160,0.9832629
1496018220,1.0140036
1496018280,0.98653316
1496018340,0.95350325
1496018400,0.9329004
1496018460,0.9145868
1496018520,0.89594615
1496018580,0.92439765
1496018640,0.9034678
1496018700,0.88809747
1496018760,0.9109894
1496018820,0.94173014
1496018880,0.9574276
1496018940,0.9911116
1496019000,1.0480146
1496019060,1.0280659
1496019120,1.0480146
1496019180,1.0476876
1496019240,1.0081171
1496019300,0.9705088
1496019360,0.9529582
1496019420,0.88526314
1496019480,0.8823199
1496019540,0.9084823
1496019600,0.91894716
1496019660,0.96037084
1496019720,0.9917656
1496019780,0.9675655
1496019840,1.0097522
1496019900,1.007136
1496019960,0.9960171
1496020020,1.0208712
1496020080,1.0310092
1496020140,0.97770333
1496020200,0.995363
1496020260,1.0179279
1496020320,0.9947089
1496020380,1.04082
1496020440,1.0251226
1496020500,1.0090983
1496020560,0.9862061
1496020620,1.0198902
1496020680,0.98587906
1496020740,1.0032117
1496020800,1.0391848
1496020860,1.0005955
1496020920,1.0241416
1496020980,1.0529201
1496021040,1.0349334
1496021100,1.0470335
1496021160,1.0695986
1496021220,1.0208713
1496021280,1.0316632
1496021340,1.0679635
1496021400,1.0588067
1496021460,1.0673094
1496021520,1.0627309
1496021580,1.0676364
1496021640,1.1258476
1496021700,1.1072068
1496021760,1.1176718
1496021820,1.163456
1496021880,1.1320611
1496021940,1.1163636
1496022000,1.1225773
1496022060,1.1386018
1496022120,1.1068798
1496022180,1.1323881
1496022240,1.0908555
1496022300,1.095761
1496022360,1.0879122
1496022420,1.1170177
1496022480,1.1238854
1496022540,1.1062258
1496022600,1.1117853
1496022660,1.1137475
1496022720,1.0934716
1496022780,1.0270848
1496022840,1.0388578
1496022900,1.075376
1496022960,1.0897653
1496023020,1.0809355
1496023080,1.1437252
1496023140,1.1214871
1496023200,1.0820256
1496023260,1.074831
1496023320,1.0745039
1496023380,1.0594606
1496023440,1.1471045
1496023500,1.1516829
1496023560,1.1464504
1496023620,1.141218
1496023680,1.1703235
1496023740,1.1438342
1496023800,1.1386017
1496023860,1.1595316
1496023920,1.1686884
1496023980,1.1340233
1496024040,1.1150556
1496024100,1.1147286
1496024160,1.0967419
1496024220,1.1023015
1496024280,1.176537
1496024340,1.199102
1496024400,1.2298429
1496024460,1.2151264
1496024520,1.2337672
1496024580,1.1670532
1496024640,1.1163638
1496024700,1.0960878
1496024760,1.1058989
1496024820,1.096742
1496024880,1.141872
1496024940,1.1922344
1496025000,1.2118561
1496025060,1.2383456
1496025120,1.232786
1496025180,1.2190509
1496025240,1.2609105
1496025300,1.2730106
1496025360,1.2926323
1496025420,1.3400517
1496025480,1.3276246
1496025540,1.2906702
1496025600,1.3076757
1496025660,1.2939405
1496025720,1.2504456
1496025780,1.2461942
1496025840,1.2416158
1496025900,1.1958318
1496025960,1.1913261
1496026020,1.236129
1496026080,1.2390723
1496026140,1.223702
1496026200,1.2609832
1496026260,1.2700675
1496026320,1.276608
1496026380,1.3129083
1496026440,1.2965567
1496026500,1.2831484
1496026560,1.2857647
1496026620,1.2739917
1496026680,1.2370375
1496026740,1.2723566
1496026800,1.2824647
1496026860,1.3069324
1496026920,1.3055352
1496026980,1.2996024
1496027040,1.3651866
1496027100,1.3836786
1496027160,1.3786246
1496027220,1.4265491
1496027280,1.4632821
1496027340,1.390206
1496027400,1.3717437
1496027460,1.3699598
1496027520,1.3250083
1496027580,1.317665
1496027640,1.3201326
1496027700,1.3347002
1496027760,1.3329165
1496027820,1.3298246
1496027880,1.3528949
1496027940,1.3684436
1496028000,1.3594652
1496028060,1.3298839
1496028120,1.3609122
1496028180,1.3457202
1496028240,1.3782744
1496028300,1.3836852
1496028360,1.4306288
1496028420,1.4208872
1496028480,1.4416684
1496028540,1.4418468
1496028600,1.4881363
1496028660,1.4827552
1496028720,1.5228311
1496028780,1.5315123
1496028840,1.5532746
1496028900,1.5230392
1496028960,1.537934
1496029020,1.5286285
1496029080,1.5193229
1496029140,1.5217905
1496029200,1.5557256
1496029260,1.5712743
1496029320,1.5665473
1496029380,1.6013907
1496029440,1.5947015
1496029500,1.5745316
1496029560,1.5998912
1496029620,1.6092262
1496029680,1.6074424
1496029740,1.6380346
1496029800,1.6861773
1496029860,1.6657528
1496029920,1.6816285
1496029980,1.6883476
1496030040,1.6738095
1496030100,1.6240616
1496030160,1.6526914
1496030220,1.6224561
1496030280,1.617729
1496030340,1.6172533
1496030400,1.66714
1496030460,1.6248047
1496030520,1.6877726
1496030580,1.7059376
1496030640,1.7548434
1496030700,1.7533866
1496030760,1.7937896
1496030820,1.8211112
1496030880,1.8180193
1496030940,1.7825516
1496031000,1.7902517
1496031060,1.8273845
1496031120,1.7732759
1496031180,1.8169491
1496031240,1.8141844
1496031300,1.8048787
1496031360,1.7909949
1496031420,1.8196249
1496031480,1.8077033
1496031540,1.858898
1496031600,1.8907983
1496031660,1.9040577
1496031720,1.8927903
1496031780,1.8834847
1496031840,1.8650224
1496031900,1.8642198
1496031960,1.8588386
1496032020,1.8521495
1496032080,1.8520008
1496032140,1.840406
1496032200,1.8379682
1496032260,1.7871301
1496032320,1.7994084
1496032380,1.7930462
1496032440,1.8566684
1496032500,1.8591357
1496032560,1.924393
1496032620,1.9219552
1496032680,1.925731
1496032740,1.8719496
1496032800,1.8485818
1496032860,1.8572628
1496032920,1.8737928
1496032980,1.893266
1496033040,1.8901739
1496033100,1.8913333
1496033160,1.8614252
1496033220,1.868471
1496033280,1.8513169
1496033340,1.8508413
1496033400,1.8925523
1496033460,1.862644
1496033520,1.8510494
1496033580,1.8440332
1496033640,1.8373439
1496033700,1.8067814
1496033760,1.8357384
1496033820,1.8447466
1496033880,1.856698
1496033940,1.8722467
1496034000,1.8835441
1496034060,1.8739412
1496034120,1.8658946
1496034180,1.8671429
1496034240,1.8788865
1496034300,1.8523972
1496034360,1.8445485
1496034420,1.817841
1496034480,1.7792516
1496034540,1.7671516
1496034600,1.7769624
1496034660,1.8227465
1496034720,1.793641
1496034780,1.7962571
1496034840,1.7334676
1496034900,1.6651185
1496034960,1.5853233
1496035020,1.5944802
1496035080,1.5588341
1496035140,1.5581801
1496035200,1.6127939
1496035260,1.6058172
1496035320,1.62642
1496035380,1.6408093
1496035440,1.6434255
1496035500,1.5865226
1496035560,1.5859776
1496035620,1.5490232
1496035680,1.5231879
1496035740,1.4816551
1496035800,1.5189364
1496035860,1.5117416
1496035920,1.4940822
1496035980,1.514031
1496036040,1.6176991
1496036100,1.602983
1496036160,1.6196616
1496036220,1.6284913
1496036280,1.6157372
1496036340,1.5469157
1496036400,1.5142127
1496036460,1.5096344
1496036520,1.5008045
1496036580,1.5050559
1496036640,1.4626875
1496036700,1.4502603
1496036760,1.4558198
1496036820,1.4528766
1496036880,1.4175575
1496036940,1.4424117
1496037000,1.4702091
1496037060,1.3976088
1496037120,1.3747166
1496037180,1.3877978
1496037240,1.3600004
1496037300,1.321738
1496037360,1.3403786
1496037420,1.3544408
1496037480,1.3613085
1496037540,1.344303
1496037600,1.3609815
1496037660,1.3832195
1496037720,1.3573842
1496037780,1.3030972
1496037840,1.3328569
1496037900,1.3076757
1496037960,1.2720295
1496038020,1.2752998
1496038080,1.3060406
1496038140,1.2857648
1496038200,1.2386725
1496038260,1.2157805
1496038320,1.2053157
1496038380,1.1958318
1496038440,1.2046616
1496038500,1.25437
1496038560,1.2651621
1496038620,1.256332
1496038680,1.2461942
1496038740,1.2393266
1496038800,1.1853667
1496038860,1.1941966
1496038920,1.17621
1496038980,1.1749018
1496039040,1.1372935
1496039100,1.1340233
1496039160,1.0836608
1496039220,1.0359145
1496039280,1.0055008
1496039340,0.9747601
1496039400,1.0032116
1496039460,1.0355875
1496039520,1.0483416
1496039580,1.0133495
1496039640,1.0620769
1496039700,1.0215253
1496039760,0.9986332
1496039820,1.0159658
1496039880,1.0130225
1496039940,0.97770333
1496040000,0.9551384
1496040060,0.91131645
1496040120,0.88951457
1496040180,0.8730541
1496040240,0.8256349
1496040300,0.805032
1496040360,0.8338106
1496040420,0.8140799
1496040480,0.82171065
1496040540,0.801253
1496040600,0.789153
1496040660,0.73977154
1496040720,0.7253822
1496040780,0.699547
1496040840,0.6856664
1496040900,0.6627744
1496040960,0.7098665
1496041020,0.69547725
1496041080,0.6392282
1496041140,0.6258201
1496041200,0.6197439
1496041260,0.5277963
1496041320,0.47980794
1496041380,0.48755187
1496041440,0.5045899
1496041500,0.50952786
1496041560,0.5046549
1496041620,0.50828475
1496041680,0.5148579
1496041740,0.47957122
1496041800,0.44232243
1496041860,0.4564172
1496041920,0.45187137
1496041980,0.4048117
1496042040,0.3881657
1496042100,0.40324154
1496042160,0.3633766
1496042220,0.33495754
1496042280,0.37717682
1496042340,0.34843078
1496042400,0.3124901
1496042460,0.29584414
1496042520,0.30110914
1496042580,0.2779226
1496042640,0.27959025
1496042700,0.28387418
1496042760,0.26526603
1496042820,0.2433876
1496042880,0.21725778
1496042940,0.21434706
1496043000,0.17938745
1496043060,0.17843889
1496043120,0.16637136
1496043180,0.16476874
1496043240,0.1935798
1496043300,0.2168314
1496043360,0.22667478
1496043420,0.256794
1496043480,0.25094
1496043540,0.20257221
1496043600,0.17186399
1496043660,0.14573418
1496043720,0.10488805
1496043780,0.11767471
1496043840,0.12817216
1496043900,0.1125073
1496043960,0.12235069
1496044020,0.10210742
1496044080,0.040985495
1496044140,0.01845302
1496044200,0.017177422
1496044260,-0.012876738
1496044320,-0.028541598
1496044380,-0.022622544
1496044440,-0.06510383
1496044500,-0.10398775
1496044560,-0.16249341
1496044620,-0.1873151
1496044680,-0.21213682
1496044740,-0.24022877
1496044800,-0.21599612
1496044860,-0.18489586
1496044920,-0.15281448
1496044980,-0.14395216
1496045040,-0.07099215
1496045100,-0.06670824
1496045160,-0.060462177
1496045220,-0.072856754
1496045280,-0.0780567
1496045340,-0.08031336
1496045400,-0.09859447
1496045460,-0.07861318
1496045520,-0.051110223
1496045580,-0.031128919
1496045640,-0.05562359
1496045700,-0.06311273
1496045760,-0.09251284
1496045820,-0.11635344
1496045880,-0.16046984
1496045940,-0.1937943
1496046000,-0.1751211
1496046060,-0.17345342
1496046120,-0.18028852
1496046180,-0.14755309
1496046240,-0.12070419
1496046300,-0.12721224
1496046360,-0.14909068
1496046420,-0.15461764
1496046480,-0.16276085
1496046540,-0.18365818
1496046600,-0.20880692
1496046660,-0.21564199
1496046720,-0.23032577
1496046780,-0.2695367
1496046840,-0.2636177
1496046900,-0.25377432
1496046960,-0.21874967
1496047020,-0.1990954
1496047080,-0.18532766
1496047140,-0.21374667
1496047200,-0.23856835
1496047260,-0.27908742
1496047320,-0.30750644
1496047380,-0.2790224
1496047440,-0.29108995
1496047500,-0.28353575
1496047560,-0.27990592
1496047620,-0.28935724
1496047680,-0.31548703
1496047740,-0.30564365
1496047800,-0.28697047
1496047860,-0.3078678
1496047920,-0.30096766
1496047980,-0.29537565
1496048040,-0.31823516
1496048100,-0.3306297
1496048160,-0.3574136
1496048220,-0.37438658
1496048280,-0.3538239
1496048340,-0.372105
1496048400,-0.40706462
1496048460,-0.36386424
1496048520,-0.36808312
1496048580,-0.42226475
1496048640,-0.3816806
1496048700,-0.3594101
1496048760,-0.36559117
1496048820,-0.37733167
1496048880,-0.37043154
1496048940,-0.38413423
1496049000,-0.39881802
1496049060,-0.4079423
1496049120,-0.4222991
1496049180,-0.40918538
1496049240,-0.42942864
1496049300,-0.45294225
1496049360,-0.45225567
1496049420,-0.42017427
1496049480,-0.44924736
1496049540,-0.4309012
1496049600,-0.4096118
1496049660,-0.43377942
1496049720,-0.45107943
1496049780,-0.44450635
1496049840,-0.47586858
1496049900,-0.50101733
1496049960,-0.4960794
1496050020,-0.49833608
1496050080,-0.46396548
1496050140,-0.47047353
1496050200,-0.4511463
1496050260,-0.43312716
1496050320,-0.41968644
1496050380,-0.4418919
1496050440,-0.37776166
1496050500,-0.38361567
1496050560,-0.36592358
1496050620,-0.35019368
1496050680,-0.35702878
1496050740,-0.37563694
1496050800,-0.36612052
1496050860,-0.37720698
1496050920,-0.39712328
1496050980,-0.3673311
1496051040,-0.4147178
1496051100,-0.42972863
1496051160,-0.439834
1496051220,-0.46138537
1496051280,-0.48915035
1496051340,-0.46949607
1496051400,-0.44133902
1496051460,-0.47499052
1496051520,-0.46514708
1496051580,-0.47198218
1496051640,-0.5105391
1496051700,-0.5242418
1496051760,-0.51374435
1496051820,-0.5369309
1496051880,-0.5244713
1496051940,-0.505144
1496052000,-0.4939925
1496052060,-0.45485383
1496052120,-0.4207579
1496052180,-0.44174013
1496052240,-0.37652406
1496052300,-0.37587
1496052360,-0.38862407
1496052420,-0.41838372
1496052480,-0.43440816
1496052540,-0.477576
1496052600,-0.49360046
1496052660,-0.511914
1496052720,-0.5184547
1496052780,-0.47463277
1496052840,-0.46449488
1496052900,-0.45860833
1496052960,-0.45010558
1496053020,-0.4510867
1496053080,-0.500141
1496053140,-0.52241534
1496053200,-0.51750994
1496053260,-0.53909385
1496053320,-0.4975611
1496053380,-0.46616635
1496053440,-0.4605705
1496053500,-0.48117334
1496053560,-0.4605705
1496053620,-0.48771387
1496053680,-0.49719775
1496053740,-0.49981397
1496053800,-0.47234356
1496053860,-0.43964064
1496053920,-0.4056296
1496053980,-0.40759176
1496054040,-0.36769426
1496054100,-0.3784862
1496054160,-0.4203459
1496054220,-0.43964064
1496054280,-0.45101404
1496054340,-0.47030872
1496054400,-0.4680195
1496054460,-0.4644222
1496054520,-0.47750336
1496054580,-0.47430575
1496054640,-0.48934907
1496054700,-0.48836797
1496054760,-0.46809214
1496054820,-0.42427027
1496054880,-0.41838378
1496054940,-0.40693772
1496055000,-0.43669736
1496055060,-0.47626787
1496055120,-0.5030843
1496055180,-0.49948698
1496055240,-0.53480613
1496055300,-0.5253223
1496055360,-0.5207439
1496055420,-0.54298186
1496055480,-0.5469062
1496055540,-0.5393845
1496055600,-0.5043924
1496055660,-0.46645704
1496055720,-0.4311379
1496055780,-0.4412758
1496055840,-0.38110244
1496055900,-0.37914026
1496055960,-0.39581877
1496056020,-0.39124036
1496056080,-0.39451063
1496056140,-0.39712685
1496056200,-0.45468402
1496056260,-0.45893538
1496056320,-0.49883288
1496056380,-0.46580297
1496056440,-0.4818274
1496056500,-0.45337588
1496056560,-0.45435697
1496056620,-0.4465083
1496056680,-0.47332466
1496056740,-0.52630335
1496056800,-0.5161654
1496056860,-0.5384034
1496056920,-0.52990067
1496056980,-0.5312088
1496057040,-0.51976275
1496057100,-0.533498
1496057160,-0.56227654
1496057220,-0.5936713
1496057280,-0.59138215
1496057340,-0.60282815
1496057400,-0.60904175
1496057460,-0.58124423
1496057520,-0.54886836
1496057580,-0.53742236
1496057640,-0.48607877
1496057700,-0.48215443
1496057760,-0.4569732
1496057820,-0.44127578
1496057880,-0.45533806
1496057940,-0.4736517
1496058000,-0.4694003
1496058060,-0.46678406
1496058120,-0.52205193
1496058180,-0.5236871
1496058240,-0.567509
1496058300,-0.6054444
1496058360,-0.6505744
1496058420,-0.6417446
1496058480,-0.6747746
1496058540,-0.6705232
1496058600,-0.6335689
1496058660,-0.6587502
1496058720,-0.6486122
1496058780,-0.6538447
1496058840,-0.6737935
1496058900,-0.713691
1496058960,-0.71401805
1496059020,-0.7565318
1496059080,-0.7516264
1496059140,-0.7427966
1496059200,-0.7575129
1496059260,-0.7375641
1496059320,-0.6901449
1496059380,-0.6764097
1496059440,-0.6505744
1496059500,-0.6057714
1496059560,-0.60152
1496059620,-0.63291484
1496059680,-0.6473041
1496059740,-0.6757557
1496059800,-0.72252077
1496059860,-0.74704796
1496059920,-0.780732
1496059980,-0.7813861
1496060040,-0.77746165
1496060100,-0.8026429
1496060160,-0.78988886
1496060220,-0.7846563
1496060280,-0.8003537
1496060340,-0.82324576
1496060400,-0.8212836
1496060460,-0.8660866
1496060520,-0.8274972
1496060580,-0.8503892
1496060640,-0.85758376
1496060700,-0.86379737
1496060760,-0.8530054
1496060820,-0.8968273
1496060880,-0.91317874
1496060940,-0.9007516
1496061000,-0.9135058
1496061060,-0.938033
1496061120,-0.9563466
1496061180,-0.95046014
1496061240,-0.97531426
1496061300,-0.97825754
1496061360,-0.98839545
1496061420,-0.9579817
1496061480,-0.971717
1496061540,-0.9713899
1496061600,-0.97662234
1496061660,-0.9589628
1496061720,-1.0240417
1496061780,-1.0125957
1496061840,-1.0243686
1496061900,-1.0024576
1496061960,-0.9936279
1496062020,-0.9851252
1496062080,-0.9847981
1496062140,-1.0024577
1496062200,-1.0191361
1496062260,-1.0469337
1496062320,-1.0214255
1496062380,-1.0433364
1496062440,-1.0596879
1496062500,-1.0753852
1496062560,-1.0815988
1496062620,-1.0953339
1496062680,-1.0865042
1496062740,-1.0753852
1496062800,-1.0717878
1496062860,-1.0730959
1496062920,-1.0930448
1496062980,-1.1008934
1496063040,-1.0724418
1496063100,-1.0672095
1496063160,-1.0717878
1496063220,-1.0462795
1496063280,-1.0534743
1496063340,-1.0557634
1496063400,-1.0910826
1496063460,-1.0904285
1496063520,-1.1296719
1496063580,-1.1427531
1496063640,-1.1692424
1496063700,-1.12989
1496063760,-1.0870492
1496063820,-1.0654653
1496063880,-1.0507491
1496063940,-1.0585977
1496064000,-1.0577257
1496064060,-1.1237855
1496064120,-1.1244395
1496064180,-1.151256
1496064240,-1.1571424
1496064300,-1.1921345
1496064360,-1.174475
1496064420,-1.2146995
1496064480,-1.1990023
1496064540,-1.2160077
1496064600,-1.2330133
1496064660,-1.2523079
1496064720,-1.2290888
1496064780,-1.24217
1496064840,-1.1731669
1496064900,-1.1532182
1496064960,-1.1332693
1496065020,-1.1159368
1496065080,-1.1129936
1496065140,-1.1260747
1496065200,-1.1378477
1496065260,-1.1564884
1496065320,-1.1813426
1496065380,-1.1872292
1496065440,-1.2078319
1496065500,-1.1986752
1496065560,-1.1656452
1496065620,-1.1427531
1496065680,-1.1577965
1496065740,-1.163356
1496065800,-1.1787264
1496065860,-1.2209132
1496065920,-1.2405348
1496065980,-1.2104481
1496066040,-1.2559053
1496066100,-1.2559052
1496066160,-1.2467483
1496066220,-1.2545971
1496066280,-1.2882811
1496066340,-1.2660432
1496066400,-1.2693133
1496066460,-1.276181
1496066520,-1.2856648
1496066580,-1.2552512
1496066640,-1.2153536
1496066700,-1.197367
1496066760,-1.1548533
1496066820,-1.1460235
1496066880,-1.1577966
1496066940,-1.1558343
1496067000,-1.1610669
1496067060,-1.1846129
1496067120,-1.1770912
1496067180,-1.1767642
1496067240,-1.2258185
1496067300,-1.207832
1496067360,-1.1816696
1496067420,-1.1761101
1496067480,-1.1800344
1496067540,-1.151256
1496067600,-1.1774182
1496067660,-1.2052157
1496067720,-1.1986752
1496067780,-1.1797074
1496067840,-1.1937697
1496067900,-1.1891913
1496067960,-1.2055428
1496068020,-1.2235293
1496068080,-1.2232022
1496068140,-1.2398808
1496068200,-1.2222213
1496068260,-1.1689155
1496068320,-1.1564883
1496068380,-1.1398098
1496068440,-1.0694987
1496068500,-1.0377768
1496068560,-1.0593607
1496068620,-1.0315633
1496068680,-1.0345066
1496068740,-1.0515121
1496068800,-1.0776744
1496068860,-1.0773473
1496068920,-1.108088
1496068980,-1.1326153
1496069040,-1.1672803
1496069100,-1.1823237
1496069160,-1.1519101
1496069220,-1.1460234
1496069280,-1.119207
1496069340,-1.1002394
1496069400,-1.0969691
1496069460,-1.1257477
1496069520,-1.1273828
1496069580,-1.1339234
1496069640,-1.1571425
1496069700,-1.1489667
1496069760,-1.1656452
1496069820,-1.1901724
1496069880,-1.1921345
1496069940,-1.1823237
1496070000,-1.1708777
1496070060,-1.1440613
1496070120,-1.1237855
1496070180,-1.1234584
1496070240,-1.0534742
1496070300,-1.0335255
1496070360,-1.0148848
1496070420,-0.95928985
1496070480,-0.9115436
1496070540,-0.9435924
1496070600,-0.9700818
1496070660,-0.9707359
1496070720,-1.0139036
1496070780,-1.061977
1496070840,-1.0865042
1496070900,-1.0806177
1496070960,-1.0524931
1496071020,-1.0214254
1496071080,-1.0070361
1496071140,-0.9641953
1496071200,-0.94653565
1496071260,-0.99003065
1496071320,-0.9900306
1496071380,-0.9937732
1496071440,-1.0235329
1496071500,-1.0196085
1496071560,-1.0179734
1496071620,-1.0457709
1496071680,-1.0367959
1496071740,-1.0538013
1496071800,-1.0443175
1496071860,-1.0384309
1496071920,-1.0348337
1496071980,-1.0400661
1496072040,-0.994609
1496072100,-0.97662246
1496072160,-0.97694945
1496072220,-0.94391954
1496072280,-0.91644907
1496072340,-0.9223355
1496072400,-0.9589628
1496072460,-0.9210274
1496072520,-0.9435924
1496072580,-0.9655034
1496072640,-0.97629535
1496072700,-0.9576547
1496072760,-0.97040886
1496072820,-0.95536554
1496072880,-0.9314924
1496072940,-0.93181944
1496073000,-0.94032216
1496073060,-0.95242226
1496073120,-0.91841125
1496073180,-0.9292032
1496073240,-0.9275681
1496073300,-0.94424653
1496073360,-0.9471898
1496073420,-0.98283595
1496073480,-0.9854522
1496073540,-0.99918735
1496073600,-0.9483889
1496073660,-0.9222266
1496073720,-0.9200464
1496073780,-0.91568595
1496073840,-0.84809995
1496073900,-0.8175773
1496073960,-0.84373957
1496074020,-0.8481
1496074080,-0.83937913
1496074140,-0.8524604
1496074200,-0.90696526
1496074260,-0.8960642
1496074320,-0.8742623
1496074380,-0.8851633
1496074440,-0.91786623
1496074500,-0.8764425
1496074560,-0.86772174
1496074620,-0.8895237
1496074680,-0.88516325
1496074740,-0.87208205
1496074800,-0.8764425
1496074860,-0.91568595
1496074920,-0.882983
1496074980,-0.9069652
1496075040,-0.9396682
1496075100,-0.9549294
1496075160,-0.95274925
1496075220,-0.9789116
1496075280,-0.96147007
1496075340,-0.96147007
1496075400,-0.95492953
1496075460,-0.9200463
1496075520,-0.9222266
1496075580,-0.904785
1496075640,-0.8502801
1496075700,-0.79359514
1496075760,-0.7521715
1496075820,-0.7303695
1496075880,-0.73036957
1496075940,-0.70856756
1496076000,-0.74127054
1496076060,-0.7521715
1496076120,-0.74345064
1496076180,-0.7369101
1496076240,-0.8001358
1496076300,-0.8001357
1496076360,-0.78269416
1496076420,-0.79577535
1496076480,-0.8044961
1496076540,-0.78705454
1496076600,-0.7892347
1496076660,-0.8328386
1496076720,-0.79577535
1496076780,-0.81103665
1496076840,-0.8350188
1496076900,-0.8284783
1496076960,-0.82411784
1496077020,-0.8960643
1496077080,-0.87426233
1496077140,-0.8699019
1496077200,-0.893884
1496077260,-0.8764425
1496077320,-0.83065844
1496077380,-0.81321687
1496077440,-0.7456308
1496077500,-0.7129279
1496077560,-0.70638734
1496077620,-0.7107477
1496077680,-0.67150426
1496077740,-0.7042072
1496077800,-0.6671438
1496077860,-0.6584231
1496077920,-0.6322608
1496077980,-0.66496366
1496078040,-0.6845854
1496078100,-0.7151081
1496078160,-0.69112605
1496078220,-0.67150426
1496078280,-0.6758647
1496078340,-0.6213598
1496078400,-0.5973777
1496078460,-0.6279004
1496078520,-0.62135977
1496078580,-0.6060985
1496078640,-0.62354
1496078700,-0.60391825
1496078760,-0.6060985
1496078820,-0.63444096
1496078880,-0.6213598
1496078940,-0.6431618
1496079000,-0.6805365
1496079060,-0.6508859
1496079120,-0.6770482
1496079180,-0.6683274
1496079240,-0.5898405
1496079300,-0.55682606
1496079360,-0.56685495
1496079420,-0.49708876
1496079480,-0.50580955
1496079540,-0.50580955
1496079600,-0.5210709
1496079660,-0.5036294
1496079720,-0.5101699
1496079780,-0.49490857
1496079840,-0.54505306
1496079900,-0.545053
1496079960,-0.5079897
1496080020,-0.47092643
1496080080,-0.4665661
1496080140,-0.4142414
1496080200,-0.3793583
1496080260,-0.41860175
1496080320,-0.42296216
1496080380,-0.43168294
1496080440,-0.46656606
1496080500,-0.5101699
1496080560,-0.52325106
1496080620,-0.555954
1496080680,-0.5646748
1496080740,-0.5319719
1496080800,-0.46656606
1496080860,-0.38371864
1496080920,-0.39025927
1496080980,-0.35101572
1496081040,-0.29869112
1496081100,-0.3095921
1496081160,-0.34447518
1496081220,-0.31395245
1496081280,-0.320493
1496081340,-0.34447518
1496081400,-0.3771781
1496081460,-0.40116024
1496081520,-0.42078194
1496081580,-0.4229621
1496081640,-0.47092643
1496081700,-0.4388049
1496081760,-0.4111891
1496081820,-0.36540508
1496081880,-0.35232392
1496081940,-0.3130804
1496082000,-0.29069707
1496082060,-0.28779015
1496082120,-0.28779015
1496082180,-0.29215053
1496082240,-0.30741188
1496082300,-0.3074119
1496082360,-0.31831285
1496082420,-0.34214965
1496082480,-0.34432983
1496082540,-0.3639516
1496082600,-0.36613178
1496082660,-0.31598732
1496082720,-0.31395248
1496082780,-0.32921383
1496082840,-0.24636646
1496082900,-0.21802394
1496082960,-0.24200606
1496083020,-0.19622199
1496083080,-0.17005967
1496083140,-0.17442006
1496083200,-0.22020413
1496083260,-0.20494278
1496083320,-0.22020411
1496083380,-0.21366356
1496083440,-0.25726745
1496083500,-0.23764567
1496083560,-0.24636646
1496083620,-0.263808
1496083680,-0.24418627
1496083740,-0.24418627
1496083800,-0.21148336
1496083860,-0.22456451
1496083920,-0.1940418
1496083980,-0.21366356
1496084040,-0.21366353
1496084100,-0.21366353
1496084160,-0.23328531
1496084220,-0.24636646
1496084280,-0.263808
1496084340,-0.25726745
1496084400,-0.30087134
1496084460,-0.27252877
1496084520,-0.2899703
1496084580,-0.27034858
1496084640,-0.25508723
1496084700,-0.23982589
1496084760,-0.25726742
1496084820,-0.23546548
1496084880,-0.26162782
1496084940,-0.2659882
1496085000,-0.27688918
1496085060,-0.28779015
1496085120,-0.31177226
1496085180,-0.26598823
1496085240,-0.28342977
1496085300,-0.28560996
1496085360,-0.22674473
1496085420,-0.1613389
1496085480,-0.15479831
1496085540,-0.1569785
1496085600,-0.11773503
1496085660,-0.14825773
1496085720,-0.14825775
1496085780,-0.14171715
1496085840,-0.13299638
1496085900,-0.13735677
1496085960,-0.1264558
1496086020,-0.20058239
1496086080,-0.22674471
1496086140,-0.21366356
1496086200,-0.22456451
1496086260,-0.22892492
1496086320,-0.18750124
1496086380,-0.17660026
1496086440,-0.11555483
1496086500,-0.08067172
1496086560,-0.06541037
1496086620,-0.061049994
1496086680,-0.0523292
1496086740,-0.061049983
1496086800,-0.08503211
1496086860,-0.10465386
1496086920,-0.11337462
1496086980,-0.1264558
1496087040,-0.20712297
1496087100,-0.22892492
1496087160,-0.17442006
1496087220,-0.13735676
1496087280,-0.10901424
1496087340,-0.058869783
1496087400,-0.026166871
1496087460,-0.06977076
1496087520,-0.06323018
1496087580,-0.047968823
1496087640,-0.067590564
1496087700,-0.07849154
1496087760,-0.0545094
1496087820,-0.080671735
1496087880,-0.07849154
1496087940,-0.067590564
1496088000,-0.04360843
1496088060,-0.061049983
1496088120,-0.039248038
1496088180,-0.052329198
1496088240,-0.026166871
1496088300,-0.017446095
1496088360,-0.015265909
1496088420,-0.04360843
1496088480,-0.04142824
1496088540,-0.047968823
1496088600,-0.07849153
1496088660,-0.07849153
1496088720,-0.06323017
1496088780,-0.07195095
1496088840,-0.10465386
1496088900,-0.09593308
1496088960,-0.08285192
1496089020,-0.0566896
1496089080,-0.037067857
1496089140,-0.019626295
1496089200,-0.0174461
1496089260,0.0108964145
1496089320,-0.0021847486
1496089380,-0.006545136
1496089440,-0.013085713
1496089500,-0.0021847486
1496089560,-0.039684076
1496089620,-0.081107765
1496089680,-0.08110776
1496089740,-0.061486006
1496089800,-0.052765235
1496089860,-0.061049983
1496089920,-0.034887653
1496089980,-0.05668959
1496090040,-0.008725326
1496090100,0.023977587
1496090160,0.06758145
1496090220,0.08284281
1496090280,0.111185335
1496090340,0.09156359
1496090400,0.06976165
1496090460,0.087203205
1496090520,0.07630224
1496090580,0.074122034
1496090640,0.054500286
1496090700,0.05886068
1496090760,0.0479597
1496090820,0.085023016
1496090880,0.11336552
1496090940,0.13952786
1496091000,0.12644668
1496091060,0.12644668
1496091120,0.14170805
1496091180,0.13298728
1496091240,0.10900513
1496091300,0.117725916
1496091360,0.11554572
1496091420,0.05886068
1496091480,0.06104088
1496091540,0.09156359
1496091600,0.08502301
1496091660,0.050139915
1496091720,0.07848243
1496091780,0.052320093
1496091840,0.09156359
1496091900,0.10246456
1496091960,0.14388824
1496092020,0.18531193
1496092080,0.20493366
1496092140,0.19621287
1496092200,0.21147424
1496092260,0.23763657
1496092320,0.20057327
1496092380,0.21365444
1496092440,0.20057328
1496092500,0.19403271
1496092560,0.19839309
1496092620,0.23109601
1496092680,0.26597908
1496092740,0.25071773
1496092800,0.2550781
1496092860,0.2267356
1496092920,0.23763657
1496092980,0.19185251
1496093040,0.17005058
1496093100,0.1896723
1496093160,0.20929407
1496093220,0.18531193
1496093280,0.20711386
1496093340,0.24417718
1496093400,0.2332762
1496093460,0.20057327
1496093520,0.18749213
1496093580,0.20057328
1496093640,0.22237521
1496093700,0.24199696
1496093760,0.30086222
1496093820,0.30086222
1496093880,0.3030424
1496093940,0.31176317
1496094000,0.28342065
1496094060,0.28778103
1496094120,0.27688006
1496094180,0.27251968
1496094240,0.23545639
1496094300,0.23981677
1496094360,0.21365444
1496094420,0.24199696
1496094480,0.2594385
1496094540,0.29432157
1496094600,0.3313849
1496094660,0.3335651
1496094720,0.37498876
1496094780,0.377169
1496094840,0.36626804
1496094900,0.32702452
1496094960,0.32266417
1496095020,0.28560084
1496095080,0.25289795
1496095140,0.23327619
1496095200,0.27033952
1496095260,0.25071773
1496095320,0.22891581
1496095380,0.25725833
1496095440,0.30304238
1496095500,0.33356512
1496095560,0.35318685
1496095620,0.4055115
1496095680,0.36408782
1496095740,0.3357453
1496095800,0.27469987
1496095860,0.2921414
1496095920,0.26815927
1496095980,0.29432163
1496096040,0.27033946
1496096100,0.26597908
1496096160,0.27688006
1496096220,0.31830376
1496096280,0.3008622
1496096340,0.33356512
1496096400,0.3619076
1496096460,0.35754725
1496096520,0.34664628
1496096580,0.38370958
1496096640,0.37280858
1496096700,0.377169
1496096760,0.38152936
1496096820,0.3597274
1496096880,0.34882644
1496096940,0.35536703
1496097000,0.34228587
1496097060,0.32702452
1496097120,0.34882644
1496097180,0.35754725
1496097240,0.37280858
1496097300,0.4098719
1496097360,0.41641247
1496097420,0.44693518
1496097480,0.444755
1496097540,0.44911543
1496097600,0.42731345
1496097660,0.4709173
1496097720,0.46001637
1496097780,0.47309756
1496097840,0.46437678
1496097900,0.46001634
1496097960,0.42949364
1496098020,0.39897093
1496098080,0.42731342
1496098140,0.49271926
1496098200,0.5188816
1496098260,0.5210618
1496098320,0.56248546
1496098380,0.53196275
1496098440,0.5079806
1496098500,0.50144005
1496098560,0.51016086
1496098620,0.49707964
1496098680,0.50144
1496098740,0.44039464
1496098800,0.40551153
1496098860,0.4098719
1496098920,0.4185927
1496098980,0.43385398
1496099040,0.49053907
1496099100,0.5406835
1496099160,0.55158454
1496099220,0.5341429
1496099280,0.49925983
1496099340,0.53850335
1496099400,0.52542216
1496099460,0.5319628
1496099520,0.534143
1496099580,0.579927
1496099640,0.4970797
1496099700,0.50144
1496099760,0.48181823
1496099820,0.5188816
1496099880,0.5450439
1496099940,0.64751303
1496100000,0.70419806
1496100060,0.73908114
1496100120,0.7848653
1496100180,0.7870455
1496100240,0.7608831
1496100300,0.7805049
1496100360,0.79140586
1496100420,0.75870293
1496100480,0.8262889
1496100540,0.8742532
1496100600,0.91349673
1496100660,0.9636411
1496100720,1.0770111
1496100780,1.096633
1496100840,1.1293358
1496100900,1.131516
1496100960,1.2296247
1496101020,1.2165436
1496101080,1.2274445
1496101140,1.2405257
1496101200,1.2514267
1496101260,1.1554981
1496101320,1.0225064
1496101380,0.9178571
1496101440,0.79358596
1496101500,0.6976575
1496101560,0.64097244
1496101620,0.691117
1496101680,0.74562174
1496101740,0.8175681
1496101800,0.8655324
1496101860,0.8851542
1496101920,0.9418392
1496101980,0.9222174
1496102040,0.90259576
1496102100,0.89387494
1496102160,0.92003727
1496102220,0.8480908
1496102280,0.8459106
1496102340,0.8764334
1496102400,0.8916948
1496102460,0.8895145
1496102520,0.917857
1496102580,0.917857
1496102640,0.9461996
1496102700,0.9810827
1496102760,0.9919836
1496102820,1.0334072
1496102880,1.0900923
1496102940,1.0900923
1496103000,1.0486687
1496103060,1.0988132
1496103120,1.0944529
1496103180,1.0661103
1496103240,0.9898035
1496103300,1.0225064
1496103360,0.9941638
1496103420,0.9876234
1496103480,1.0246866
1496103540,1.1271557
1496103600,1.1445972
1496103660,1.1206151
1496103720,1.1511378
1496103780,1.1576784
1496103840,1.1097142
1496103900,1.0704707
1496103960,1.1140745
1496104020,1.1075339
1496104080,1.0900923
1496104140,1.0704706
1496104200,1.0835518
1496104260,1.0486687
1496104320,1.0377676
1496104380,1.0565174
1496104440,1.1262835
1496104500,1.1851488
1496104560,1.2483743
1496104620,1.2679962
1496104680,1.2863098
1496104740,1.2819494
1496104800,1.2361654
1496104860,1.220904
1496104920,1.199102
1496104980,1.1620388
1496105040,1.1031735
1496105100,1.0944527
1496105160,1.06393
1496105220,1.0661103
1496105280,1.1009933
1496105340,1.1642189
1496105400,1.199102
1496105460,1.2012821
1496105520,1.2187238
1496105580,1.1903813
1496105640,1.1773001
1496105700,1.1663991
1496105760,1.186021
1496105820,1.1336962
1496105880,1.1467774
1496105940,1.1511377
1496106000,1.142417
1496106060,1.0791914
1496106120,1.1075339
1496106180,1.1140746
1496106240,1.1118944
1496106300,1.1184349
1496106360,1.1663991
1496106420,1.0770112
1496106480,0.97454214
1496106540,0.91785717
1496106600,0.8851542
1496106660,0.85245126
1496106720,0.93965894
1496106780,1.0094252
1496106840,1.0181459
1496106900,1.0050648
1496106960,1.0334073
1496107020,1.0181459
1496107080,0.972362
1496107140,1.0290469
1496107200,1.0857321
1496107260,1.0835518
1496107320,1.1402367
1496107380,1.1882011
1496107440,1.2012824
1496107500,1.190672
1496107560,1.2320957
1496107620,1.2124739
1496107680,1.2211946
1496107740,1.2124739
1496107800,1.2383455
1496107860,1.2252643
1496107920,1.2579672
1496107980,1.2871819
1496108040,1.3177046
1496108100,1.3264253
1496108160,1.3416867
1496108220,1.3198847
1496108280,1.3211929
1496108340,1.2601475
1496108400,1.2470664
1496108460,1.2165436
1496108520,1.220904
1496108580,1.2165436
1496108640,1.2383455
1496108700,1.2448862
1496108760,1.2863097
1496108820,1.2819495
1496108880,1.2688683
1496108940,1.3102919
1496109000,1.3146523
1496109060,1.2863098
1496109120,1.3364543
1496109180,1.3953195
1496109240,1.3691572
1496109300,1.3865987
1496109360,1.4149413
1496109420,1.3887788
1496109480,1.3931392
1496109540,1.4040403
1496109600,1.4062204
1496109660,1.4280224
1496109720,1.3844185
1496109780,1.3517157
1496109840,1.3887788
1496109900,1.3996798
1496109960,1.4105808
1496110020,1.502149
1496110080,1.5304915
1496110140,1.5304915
1496110200,1.5457529
1496110260,1.5588341
1496110320,1.5370321
1496110380,1.5675548
1496110440,1.5479331
1496110500,1.5370321
1496110560,1.5217708
1496110620,1.4781669
1496110680,1.3887788
1496110740,1.3626165
1496110800,1.3168325
1496110860,1.244886
1496110920,1.2688682
1496110980,1.2797693
1496111040,1.2623277
1496111100,1.2906702
1496111160,1.3800583
1496111220,1.3517157
1496111280,1.4127611
1496111340,1.4127611
1496111400,1.4280224
1496111460,1.39968
1496111520,1.3996798
1496111580,1.3865987
1496111640,1.4738065
1496111700,1.4650856
1496111760,1.5239509
1496111820,1.6176993
1496111880,1.6286002
1496111940,1.5915369
1496112000,1.6067983
1496112060,1.6024379
1496112120,1.5610142
1496112180,1.5675548
1496112240,1.5413924
1496112300,1.5566539
1496112360,1.5544735
1496112420,1.5893568
1496112480,1.6002575
1496112540,1.6525823
1496112600,1.704907
1496112660,1.7136278
1496112720,1.7288891
1496112780,1.7136278
1496112840,1.7397901
1496112900,1.6983663
1496112960,1.6743842
1496113020,1.6176993
1496113080,1.6852852
1496113140,1.6896456
1496113200,1.7223486
1496113260,1.717988
1496113320,1.7354298
1496113380,1.7027268
1496113440,1.73761
1496113500,1.7310694
1496113560,1.7899346
1496113620,1.8095561
1496113680,1.8073763
1496113740,1.7441505
1496113800,1.7376099
1496113860,1.7027268
1496113920,1.7223487
1496113980,1.761592
1496114040,1.7332495
1496114100,1.750691
1496114160,1.7594118
1496114220,1.785574
1496114280,1.7332497
1496114340,1.7790337
1496114400,1.7877544
1496114460,1.796475
1496114520,1.8008356
1496114580,1.8139167
1496114640,1.8422593
1496114700,1.8335384
1496114760,1.840079
1496114820,1.7986554
1496114880,1.840079
1496114940,1.8051958
1496115000,1.748511
1496115060,1.6874655
1496115120,1.6613032
1496115180,1.6111587
1496115240,1.602438
1496115300,1.6460419
1496115360,1.648222
1496115420,1.6896458
1496115480,1.7070872
1496115540,1.7005466
1496115600,1.7049071
1496115660,1.7615923
1496115720,1.7441505
1496115780,1.7528712
1496115840,1.783394
1496115900,1.8378987
1496115960,1.8618809
1496116020,1.9316473
1496116080,1.9272867
1496116140,1.986152
1496116200,2.0716155
1496116260,2.108679
1496116320,2.1261206
1496116380,2.1915262
1496116440,2.1672535
1496116500,2.0796096
1496116560,2.0469067
1496116620,1.9967623
1496116680,2.0142038
1496116740,2.0297558
1496116800,2.0297558
1496116860,2.055918
1496116920,2.1038826
1496116980,2.1147835
1496117040,2.1583874
1496117100,2.2172525
1496117160,2.2107117
1496117220,2.278298
1496117280,2.2586763
1496117340,2.2717574
1496117400,2.269577
1496117460,2.3219018
1496117520,2.2652168
1496117580,2.2673972
1496117640,2.2543159
1496117700,2.2325137
1496117760,2.2543159
1496117820,2.2412348
1496117880,2.2848387
1496117940,2.2652168
1496118000,2.2913792
1496118060,2.1998112
1496118120,2.233604
1496118180,2.198721
1496118240,2.1900003
1496118300,2.151847
1496118360,2.210712
1496118420,2.231424
1496118480,2.2401447
1496118540,2.244505
1496118600,2.2543156
1496118660,2.2390544
1496118720,2.1954505
1496118780,2.2128923
1496118840,2.2652168
1496118900,2.3197217
1496118960,2.365506
1496119020,2.4156501
1496119080,2.4069293
1496119140,2.387308
1496119200,2.343704
1496119260,2.2804782
1496119320,2.2543156
1496119380,2.2608564
1496119440,2.245595
1496119500,2.2445052
1496119560,2.268487
1496119620,2.2913792
1496119680,2.2586763
1496119740,2.3088207
1496119800,2.3556948
1496119860,2.366596
1496119920,2.4069293
1496119980,2.437452
1496120040,2.3982086
1496120100,2.3633256
1496120160,2.3720462
1496120220,2.2935593
1496120280,2.3000998
1496120340,2.2979195
1496120400,2.3502445
1496120460,2.3262622
1496120520,2.3524246
1496120580,2.3371632
1496120640,2.3753166
1496120700,2.357875
1496120760,2.3535147
1496120820,2.2968295
1496120880,2.2990098
1496120940,2.2564962
1496121000,2.1954505
1496121060,2.2390544
1496121120,2.2630367
1496121180,2.2913792
1496121240,2.2477753
1496121300,2.2870188
1496121360,2.2685597
1496121420,2.2729201
1496121480,2.2184153
1496121540,2.2358568
1496121600,2.1878927
1496121660,2.1518466
1496121720,2.1518466
1496121780,2.1278646
1496121840,2.1474864
1496121900,2.1278646
1496121960,2.154027
1496122020,2.154027
1496122080,2.1583874
1496122140,2.0602787
1496122200,2.0253956
1496122260,1.9360075
1496122320,1.8597007
1496122380,1.8444394
1496122440,1.9338274
1496122500,1.9817915
1496122560,2.0210352
1496122620,2.0864408
1496122680,2.1256845
1496122740,2.1082428
1496122800,2.099522
1496122860,2.0886211
1496122920,2.0668192
1496122980,2.0057738
1496123040,1.9556293
1496123100,1.9011244
1496123160,1.8836828
1496123220,1.8618809
1496123280,1.8618809
1496123340,1.8880433
1496123400,1.9098454
1496123460,1.9163858
1496123520,1.9687105
1496123580,1.9556293
1496123640,1.9447284
1496123700,1.9360076
1496123760,1.8967642
1496123820,1.8313583
1496123880,1.8117365
1496123940,1.794295
1496124000,1.8008356
1496124060,1.7986555
1496124120,1.7594118
1496124180,1.7855743
1496124240,1.818277
1496124300,1.842259
1496124360,1.8095564
1496124420,1.7768534
1496124480,1.7179881
1496124540,1.6460419
1496124600,1.5370321
1496124660,1.5435725
1496124720,1.5261312
1496124780,1.5239509
1496124840,1.4847074
1496124900,1.4607253
1496124960,1.456365
1496125020,1.5086895
1496125080,1.5174103
1496125140,1.5588341
1496125200,1.6395011
1496125260,1.6329607
1496125320,1.648222
1496125380,1.648222
1496125440,1.62642
1496125500,1.5828161
1496125560,1.558834
1496125620,1.5086895
1496125680,1.4650856
1496125740,1.4367431
1496125800,1.4476441
1496125860,1.3953196
1496125920,1.3582562
1496125980,1.3538957
1496126040,1.3800582
1496126100,1.369157
1496126160,1.4040403
1496126220,1.4084007
1496126280,1.3778778
1496126340,1.3320938
1496126400,1.2448862
1496126460,1.242706
1496126520,1.1773001
1496126580,1.1903813
1496126640,1.1227952
1496126700,1.0835518
1496126760,0.9963441
1496126820,0.99416393
1496126880,0.9134967
1496126940,0.9178571
1496127000,0.9483798
1496127060,0.9701817
1496127120,1.0028847
1496127180,1.0682905
1496127240,1.074831
1496127300,1.0421281
1496127360,1.0530291
1496127420,1.0290469
1496127480,0.95056003
1496127540,0.906956
1496127600,0.8546314
1496127660,0.7739642
1496127720,0.67149514
1496127780,0.6562338
1496127840,0.6802159
1496127900,0.69547725
1496127960,0.71945935
1496128020,0.7565227
1496128080,0.74562174
1496128140,0.7456217
1496128200,0.73036045
1496128260,0.7565227
1496128320,0.7499821
1496128380,0.7499821
1496128440,0.7565227
1496128500,0.7674236
1496128560,0.7172792
1496128620,0.68893677
1496128680,0.6693149
1496128740,0.5777468
1496128800,0.56684583
1496128860,0.5515844
1496128920,0.58864784
1496128980,0.5646657
1496129040,0.523242
1496129100,0.46016172
1496129160,0.4012965
1496129220,0.3184491
1496129280,0.29010656
1496129340,0.27048483
1496129400,0.2616187
1496129460,0.25289792
1496129520,0.23981677
1496129580,0.20493366
1496129640,0.2550781
1496129700,0.27469987
1496129760,0.28778103
1496129820,0.28778103
1496129880,0.2746999
1496129940,0.2572583
1496130000,0.19839306
1496130060,0.16351001
1496130120,0.13080706
1496130180,0.12270921
1496130240,0.048582602
1496130300,0.015879711
1496130360,0.011519313
1496130420,-0.0015618503
1496130480,-0.05668959
1496130540,-0.026166886
1496130600,0.021797398
1496130660,-0.026166886
1496130720,0.030518165
1496130780,0.06758147
1496130840,0.03923892
1496130900,0.0021756191
1496130960,0.01961719
1496131020,-0.052329212
1496131080,-0.07413114
1496131140,-0.14171715
1496131200,-0.1940418
1496131260,-0.23982589
1496131320,-0.24854665
1496131380,-0.22020411
1496131440,-0.13735677
1496131500,-0.078491546
1496131560,-0.0021847289
1496131620,0.017437002
1496131680,0.030518154
1496131740,0.0065360367
1496131800,-0.03488764
1496131860,-0.09593307
1496131920,-0.11773502
1496131980,-0.15043792
1496132040,-0.2267447
1496132100,-0.23546548
1496132160,-0.24418624
1496132220,-0.3170774
1496132280,-0.39527372
1496132340,-0.3625708
1496132400,-0.38897538
1496132460,-0.40932384
1496132520,-0.35169408
1496132580,-0.32485345
1496132640,-0.36651936
1496132700,-0.3771781
1496132760,-0.37838933
1496132820,-0.40673184
1496132880,-0.37281767
1496132940,-0.3529537
1496133000,-0.2919083
1496133060,-0.29651093
1496133120,-0.31831285
1496133180,-0.33139402
1496133240,-0.29433075
1496133300,-0.3379346
1496133360,-0.30087128
1496133420,-0.24854665
1496133480,-0.23764569
1496133540,-0.23328531
1496133600,-0.22456454
1496133660,-0.23546551
1496133720,-0.2659882
1496133780,-0.3030515
1496133840,-0.3488356
1496133900,-0.3706375
1496133960,-0.38371864
1496134020,-0.38807908
1496134080,-0.3619167
1496134140,-0.32703364
1496134200,-0.30741188
1496134260,-0.28997037
1496134320,-0.24854665
1496134380,-0.24636644
1496134440,-0.30087134
1496134500,-0.33139405
1496134560,-0.35755634
1496134620,-0.4120612
1496134680,-0.4120612
1496134740,-0.39025927
1496134800,-0.353196
1496134860,-0.35973653
1496134920,-0.36191675
1496134980,-0.39679983
1496135040,-0.3379346
1496135100,-0.3640969
1496135160,-0.3706375
1496135220,-0.36627713
1496135280,-0.34229496
1496135340,-0.3401148
1496135400,-0.35537612
1496135460,-0.32267323
1496135520,-0.31613266
1496135580,-0.3117723
1496135640,-0.3771781
1496135700,-0.36627713
1496135760,-0.38807908
1496135820,-0.3793583
1496135880,-0.4055206
1496135940,-0.40116024
1496136000,-0.3793583
1496136060,-0.3967998
1496136120,-0.36627713
1496136180,-0.35973656
1496136240,-0.37281772
1496136300,-0.42296216
1496136360,-0.41860175
1496136420,-0.47964725
1496136480,-0.5058095
1496136540,-0.53851247
1496136600,-0.5123501
1496136660,-0.52543133
1496136720,-0.5515936
1496136780,-0.545053
1496136840,-0.46438584
1496136900,-0.45130467
1496136960,-0.4447641
1496137020,-0.41642156
1496137080,-0.4055206
1496137140,-0.43386313
1496137200,-0.43604335
1496137260,-0.4491245
1496137320,-0.4382235
1496137380,-0.44694433
1496137440,-0.46656606
1496137500,-0.47092643
1496137560,-0.43168294
1496137620,-0.4491245
1496137680,-0.46874622
1496137740,-0.49054816
1496137800,-0.50580955
1496137860,-0.52761143
1496137920,-0.50144917
1496137980,-0.47964725
1496138040,-0.50144917
1496138100,-0.4687462
1496138160,-0.49490857
1496138220,-0.5494134
1496138280,-0.5799361
1496138340,-0.55813414
1496138400,-0.5308091
1496138460,-0.48720518
1496138520,-0.495926
1496138580,-0.4501419
1496138640,-0.39563707
1496138700,-0.41860178
1496138760,-0.43386316
1496138820,-0.3640969
1496138880,-0.38153848
1496138940,-0.41206118
1496139000,-0.46002546
1496139060,-0.4316829
1496139120,-0.46438587
1496139180,-0.45130467
1496139240,-0.43604335
1496139300,-0.4404037
1496139360,-0.45130467
1496139420,-0.46438584
1496139480,-0.46002546
1496139540,-0.49272838
1496139600,-0.46656606
1496139660,-0.49708876
1496139720,-0.44040373
1496139780,-0.43604335
1496139840,-0.42950276
1496139900,-0.41860178
1496139960,-0.3946196
1496140020,-0.45348486
1496140080,-0.45348486
1496140140,-0.4404037
1496140200,-0.4382235
1496140260,-0.42950273
1496140320,-0.42078197
1496140380,-0.42950276
1496140440,-0.43168294
1496140500,-0.41642156
1496140560,-0.4404037
1496140620,-0.39243945
1496140680,-0.3837187
1496140740,-0.3357544
1496140800,-0.37499794
1496140860,-0.3401148
1496140920,-0.39461967
1496140980,-0.38371864
1496141040,-0.44694427
1496141100,-0.44258392
1496141160,-0.4752868
1496141220,-0.44258392
1496141280,-0.4447641
1496141340,-0.409881
1496141400,-0.38589886
1496141460,-0.38807908
1496141520,-0.36191675
1496141580,-0.36627713
1496141640,-0.41206118
1496141700,-0.4382235
1496141760,-0.45348486
1496141820,-0.5188907
1496141880,-0.5515936
1496141940,-0.5494134
1496142000,-0.5319719
1496142060,-0.5232511
1496142120,-0.5079897
1496142180,-0.49272838
1496142240,-0.45348486
1496142300,-0.46220565
1496142360,-0.47964725
1496142420,-0.46438584
1496142480,-0.4861878
1496142540,-0.4796472
1496142600,-0.50580955
1496142660,-0.46438584
1496142720,-0.4796472
1496142780,-0.45566508
1496142840,-0.48836794
1496142900,-0.4578453
1496142960,-0.47092643
1496143020,-0.4861878
1496143080,-0.4861878
1496143140,-0.4818274
1496143200,-0.4796472
1496143260,-0.50144917
1496143320,-0.45348486
1496143380,-0.4534849
1496143440,-0.47310662
1496143500,-0.46220565
1496143560,-0.46656606
1496143620,-0.51453036
1496143680,-0.51671046
1496143740,-0.53734964
1496143800,-0.54389024
1496143860,-0.55261105
1496143920,-0.5547912
1496143980,-0.563512
1496144040,-0.52543133
1496144100,-0.545053
1496144160,-0.52325106
1496144220,-0.5079897
1496144280,-0.49926892
1496144340,-0.48836794
1496144400,-0.49708876
1496144460,-0.49054822
1496144520,-0.51453036
1496144580,-0.5406926
1496144640,-0.6148192
1496144700,-0.6213598
1496144760,-0.6540627
1496144820,-0.63444096
1496144880,-0.6409815
1496144940,-0.60173804
1496145000,-0.6060985
1496145060,-0.60391825
1496145120,-0.58647674
1496145180,-0.5799361
1496145240,-0.5777559
1496145300,-0.60173804
1496145360,-0.6257202
1496145420,-0.6867656
1496145480,-0.73254967
1496145540,-0.77833384
1496145600,-0.8001358
1496145660,-0.8023159
1496145720,-0.8175772
1496145780,-0.81103665
1496145840,-0.76743287
1496145900,-0.76307243
1496145960,-0.7717932
1496146020,-0.73909026
1496146080,-0.7565319
1496146140,-0.7412705
1496146200,-0.74999124
1496146260,-0.75217146
1496146320,-0.758712
1496146380,-0.712928
1496146440,-0.8066763
1496146500,-0.8175773
1496146560,-0.815397
1496146620,-0.8415594
1496146680,-0.9069652
1496146740,-0.8808028
1496146800,-0.85682076
1496146860,-0.87644243
1496146920,-0.87426233
1496146980,-0.85682076
1496147040,-0.86336136
1496147100,-0.893884
1496147160,-0.91568595
1496147220,-0.939668
1496147280,-0.95492953
1496147340,-0.9832719
1496147400,-1.0007135
1496147460,-0.98981255
1496147520,-0.98981255
1496147580,-0.9985333
1496147640,-0.95274925
1496147700,-0.9331276
1496147760,-0.9331276
1496147820,-0.94402856
1496147880,-0.91568595
1496147940,-0.9287672
1496148000,-0.95274925
1496148060,-0.9396682
1496148120,-0.9309473
1496148180,-0.9374879
1496148240,-0.9745512
1496148300,-0.9483889
1496148360,-0.97237104
1496148420,-0.96147007
1496148480,-0.9810918
1496148540,-0.95274925
1496148600,-0.97673136
1496148660,-0.9723709
1496148720,-0.94402856
1496148780,-0.9483889
1496148840,-0.9680106
1496148900,-0.9745512
1496148960,-0.98109174
1496149020,-1.050858
1496149080,-1.07266
1496149140,-1.1162639
1496149200,-1.1053629
1496149260,-1.1162639
1496149320,-1.1031827
1496149380,-1.1031827
1496149440,-1.039957
1496149500,-1.0246958
1496149560,-1.0312363
1496149620,-1.0225154
1496149680,-1.0203353
1496149740,-1.0137948
1496149800,-1.0377768
1496149860,-1.0443174
1496149920,-1.0595788
1496149980,-1.0748401
1496150040,-1.1206242
1496150100,-1.1402459
1496150160,-1.1555072
1496150220,-1.1489668
1496150280,-1.1576874
1496150340,-1.1424261
1496150400,-1.1380657
1496150460,-1.1402459
1496150520,-1.1576875
1496150580,-1.1446062
1496150640,-1.1685885
1496150700,-1.1598678
1496150760,-1.1533271
1496150820,-1.162048
1496150880,-1.1664082
1496150940,-1.1991111
1496151000,-1.2143725
1496151060,-1.1991111
1496151120,-1.189809
1496151180,-1.1963496
1496151240,-1.133124
1496151300,-1.1309438
1496151360,-1.1483854
1496151420,-1.1315252
1496151480,-1.1446062
1496151540,-1.1555072
1496151600,-1.1446065
1496151660,-1.1424261
1496151720,-1.1642281
1496151780,-1.1467866
1496151840,-1.1947508
1496151900,-1.2230934
1496151960,-1.2056516
1496152020,-1.1773092
1496152080,-1.1751289
1496152140,-1.1402459
1496152200,-1.1031827
1496152260,-1.1271648
1496152320,-1.1249846
1496152380,-1.107543
1496152440,-1.1140836
1496152500,-1.1380657
1496152560,-1.1337053
1496152620,-1.1773092
1496152680,-1.1838498
1496152740,-1.2012914
1496152800,-1.2143725
1496152860,-1.1925706
1496152920,-1.1882101
1496152980,-1.2209132
1496153040,-1.1681525
1496153100,-1.1376296
1496153160,-1.1899544
1496153220,-1.1768732
1496153280,-1.1725127
1496153340,-1.1903905
1496153400,-1.207832
1496153460,-1.1947508
1496153520,-1.2165527
1496153580,-1.1947508
1496153640,-1.2230934
1496153700,-1.2514359
1496153760,-1.2339944
1496153820,-1.218733
1496153880,-1.218733
1496153940,-1.2012914
1496154000,-1.1511469
1496154060,-1.1664083
1496154120,-1.1467866
1496154180,-1.1555073
1496154240,-1.1925706
1496154300,-1.2121924
1496154360,-1.2143725
1496154420,-1.231814
1496154480,-1.2514359
1496154540,-1.2448953
1496154600,-1.2557961
1496154660,-1.2383547
1496154720,-1.2504183
1496154780,-1.2395173
1496154840,-1.2024541
1496154900,-1.1959137
1496154960,-1.1980938
1496155020,-1.1620479
1496155080,-1.1315252
1496155140,-1.1206242
1496155200,-1.1162639
1496155260,-1.0835608
1496155320,-1.1337054
1496155380,-1.1467866
1496155440,-1.2034715
1496155500,-1.2165527
1496155560,-1.2383547
1496155620,-1.2121924
1496155680,-1.2209132
1496155740,-1.196931
1496155800,-1.1925707
1496155860,-1.1991112
1496155920,-1.1642281
1496155980,-1.1773092
1496156040,-1.1642281
1496156100,-1.1337053
1496156160,-1.1380657
1496156220,-1.175129
1496156280,-1.129345
1496156340,-1.1315252
1496156400,-1.1228043
1496156460,-1.1206242
1496156520,-1.1031827
1496156580,-1.1446064
1496156640,-1.07266
1496156700,-1.0661193
1496156760,-1.0486778
1496156820,-1.0225154
1496156880,-0.9941729
1496156940,-1.0334164
1496157000,-1.0704798
1496157060,-1.0443174
1496157120,-1.0813807
1496157180,-1.0704798
1496157240,-1.0792006
1496157300,-1.0704798
1496157360,-1.0290561
1496157420,-1.0116144
1496157480,-1.0203353
1496157540,-1.0072541
1496157600,-0.9789116
1496157660,-1.0246958
1496157720,-1.0072541
1496157780,-0.994173
1496157840,-0.9985334
1496157900,-0.994173
1496157960,-0.9919928
1496158020,-1.0203352
1496158080,-1.0203352
1496158140,-1.0225154
1496158200,-1.0552183
1496158260,-1.0355967
1496158320,-1.0377768
1496158380,-1.0203352
1496158440,-0.9810918
1496158500,-0.9265869
1496158560,-0.9374879
1496158620,-0.8699019
1496158680,-0.87208205
1496158740,-0.8742623
1496158800,-0.9026049
1496158860,-0.8960643
1496158920,-0.90914536
1496158980,-0.90696526
1496159040,-0.9396682
1496159100,-0.94620866
1496159160,-0.91786623
1496159220,-0.9200463
1496159280,-0.90696526
1496159340,-0.8873434
1496159400,-0.8611811
1496159460,-0.8960643
1496159520,-0.8764425
1496159580,-0.90914536
1496159640,-0.9418483
1496159700,-0.91350573
1496159760,-0.8895237
1496159820,-0.91786623
1496159880,-0.8982444
1496159940,-0.8655415
1496160000,-0.91786623
1496160060,-0.9287672
1496160120,-0.94402856
1496160180,-0.9636502
1496160240,-0.92440677
1496160300,-0.893884
1496160360,-0.87644243
1496160420,-0.8284783
1496160480,-0.79577523
1496160540,-0.7848744
1496160600,-0.81103665
1496160660,-0.78269416
1496160720,-0.7783337
1496160780,-0.7739734
1496160840,-0.82411784
1496160900,-0.8066762
1496160960,-0.8066763
1496161020,-0.83647233
1496161080,-0.8624892
1496161140,-0.8254259
1496161200,-0.8101645
1496161260,-0.8123448
1496161320,-0.76118284
1496161380,-0.7438867
1496161440,-0.78531045
1496161500,-0.77658963
1496161560,-0.80057174
1496161620,-0.8328386
1496161680,-0.83065844
1496161740,-0.8328386
1496161800,-0.859001
1496161860,-0.89170384
1496161920,-0.9178662
1496161980,-0.9135058
1496162040,-0.8611811
1496162100,-0.84373957
1496162160,-0.81321687
1496162220,-0.8088565
1496162280,-0.81321687
1496162340,-0.8350188
1496162400,-0.85682076
1496162460,-0.82411784
1496162520,-0.8175773
1496162580,-0.8023159
1496162640,-0.8044961
1496162700,-0.81321687
1496162760,-0.8459198
1496162820,-0.81975746
1496162880,-0.8350188
1496162940,-0.86336136
1496163000,-0.83065844
1496163060,-0.82411784
1496163120,-0.81975746
1496163180,-0.8153971
1496163240,-0.8066762
1496163300,-0.7914149
1496163360,-0.76743275
1496163420,-0.8023159
1496163480,-0.8088565
1496163540,-0.79577523
1496163600,-0.80449605
1496163660,-0.8437395
1496163720,-0.8350188
1496163780,-0.83283854
1496163840,-0.8088565
1496163900,-0.8415594
1496163960,-0.8328386
1496164020,-0.81321687
1496164080,-0.8023159
1496164140,-0.8001357
1496164200,-0.7478111
1496164260,-0.723829
1496164320,-0.73254967
1496164380,-0.69766665
1496164440,-0.72600913
1496164500,-0.7478111
1496164560,-0.72600913
1496164620,-0.72382885
1496164680,-0.71946853
1496164740,-0.7194686
1496164800,-0.70638734
1496164860,-0.74999124
1496164920,-0.70638734
1496164980,-0.7107477
1496165040,-0.7172883
1496165100,-0.6671438
1496165160,-0.62135977
1496165220,-0.6540627
1496165280,-0.6148192
1496165340,-0.5690352
1496165400,-0.63444096
1496165460,-0.6802251
1496165520,-0.6889458
1496165580,-0.7412705
1496165640,-0.702027
1496165700,-0.7042071
1496165760,-0.69984674
1496165820,-0.6758647
1496165880,-0.6824052
1496165940,-0.7281893
1496166000,-0.712928
1496166060,-0.6780448
1496166120,-0.7042072
1496166180,-0.6867656
1496166240,-0.7042072
1496166300,-0.70856756
1496166360,-0.7085676
1496166420,-0.67150426
1496166480,-0.6671438
1496166540,-0.63444096
1496166600,-0.6257202
1496166660,-0.63880134
1496166720,-0.63880134
1496166780,-0.63880134
1496166840,-0.63880134
1496166900,-0.63880134
1496166960,-0.5842965
1496167020,-0.5973777
1496167080,-0.60391825
1496167140,-0.6169994
1496167200,-0.612639
1496167260,-0.6431617
1496167320,-0.64752215
1496167380,-0.6356037
1496167440,-0.61351115
1496167500,-0.58080816
1496167560,-0.5655468
1496167620,-0.5481053
1496167680,-0.5447623
1496167740,-0.5341521
1496167800,-0.54287285
1496167860,-0.5123501
1496167920,-0.5123501
1496167980,-0.50580955
1496168040,-0.5254313
1496168100,-0.5036294
1496168160,-0.53415203
1496168220,-0.52325106
1496168280,-0.5254312
1496168340,-0.5188907
1496168400,-0.5101699
1496168460,-0.51235014
1496168520,-0.49926892
1496168580,-0.4861878
1496168640,-0.47310662
1496168700,-0.4752868
1496168760,-0.45566502
1496168820,-0.47746697
1496168880,-0.43386316
1496168940,-0.47092643
1496169000,-0.5079897
1496169060,-0.5494134
1496169120,-0.5951975
1496169180,-0.64098155
1496169240,-0.57339555
1496169300,-0.55813414
1496169360,-0.54287285
1496169420,-0.5079897
1496169480,-0.50580955
1496169540,-0.5101699
1496169600,-0.49490857
1496169660,-0.50144917
1496169720,-0.49054816
1496169780,-0.4861878
1496169840,-0.5276115
1496169900,-0.5188907
1496169960,-0.49708876
1496170020,-0.47092643
1496170080,-0.42950273
1496170140,-0.409881
1496170200,-0.42732254
1496170260,-0.42732254
1496170320,-0.409881
1496170380,-0.4229622
1496170440,-0.43386313
1496170500,-0.42950273
1496170560,-0.39243945
1496170620,-0.42514238
1496170680,-0.42078197
1496170740,-0.44694433
1496170800,-0.42950273
1496170860,-0.49054816
1496170920,-0.47964725
1496170980,-0.5101699
1496171040,-0.43168294
1496171100,-0.47092643
1496171160,-0.45130467
1496171220,-0.45130467
1496171280,-0.4229622
1496171340,-0.4534849
1496171400,-0.4578453
1496171460,-0.43386313
1496171520,-0.45255053
1496171580,-0.4590911
1496171640,-0.44266692
1496171700,-0.3816215
1496171760,-0.34237802
1496171820,-0.30842933
1496171880,-0.29752836
1496171940,-0.31177226
1496172000,-0.3357544
1496172060,-0.40770078
1496172120,-0.3946196
1496172180,-0.46002546
1496172240,-0.4861878
1496172300,-0.49272838
1496172360,-0.4578453
1496172420,-0.4818274
1496172480,-0.4382235
1496172540,-0.4142414
1496172600,-0.4058113
1496172660,-0.42979345
1496172720,-0.41235188
1496172780,-0.41235185
1496172840,-0.3539227
1496172900,-0.33183005
1496172960,-0.29476675
1496173020,-0.30130732
1496173080,-0.26860443
1496173140,-0.2725288
1496173200,-0.274709
1496173260,-0.28560993
1496173320,-0.24636646
1496173380,-0.23546548
1496173440,-0.274709
1496173500,-0.3095921
1496173560,-0.274709
1496173620,-0.3008713
1496173680,-0.31613266
1496173740,-0.3379346
1496173800,-0.2965109
1496173860,-0.32267323
1496173920,-0.30087128
1496173980,-0.274709
1496174040,-0.26162782
1496174100,-0.23982589
1496174160,-0.25290704
1496174220,-0.23764569
1496174280,-0.23328531
1496174340,-0.22892492
1496174400,-0.263808
1496174460,-0.25072685
1496174520,-0.263808
1496174580,-0.26816842
1496174640,-0.22238433
1496174700,-0.18532103
1496174760,-0.17878045
1496174820,-0.18750124
1496174880,-0.21802394
1496174940,-0.23546548
1496175000,-0.263808
1496175060,-0.26816842
1496175120,-0.28342974
1496175180,-0.27688918
1496175240,-0.27906936
1496175300,-0.25508723
1496175360,-0.22456451
1496175420,-0.18532105
1496175480,-0.15043794
1496175540,-0.13299638
1496175600,-0.13517658
1496175660,-0.17442006
1496175720,-0.1635191
1496175780,-0.18532105
1496175840,-0.17660026
1496175900,-0.14825775
1496175960,-0.12863599
1496176020,-0.11773503
1496176080,-0.09375289
1496176140,-0.11555483
1496176200,-0.10901425
1496176260,-0.082851924
1496176320,-0.11337464
1496176380,-0.12863599
1496176440,-0.07195095
1496176500,-0.061049983
1496176560,-0.05014901
1496176620,-0.021806492
1496176680,-0.017446106
1496176740,-0.02834707
1496176800,-0.0545094
1496176860,-0.074131146
1496176920,-0.07631134
1496176980,-0.06977075
1496177040,-0.08503211
1496177100,-0.07631134
1496177160,-0.037067857
1496177220,-4.557272e-06
1496177280,0.0108964145
1496177340,-0.021806493
1496177400,0.015256803
1496177460,0.01089641
1496177520,-4.5498214e-06
1496177580,0.026157776
1496177640,0.045779515
1496177700,0.01743699
1496177760,0.015256803
1496177820,0.028337965
1496177880,0.01961719
1496177940,0.021797394
1496178000,0.02179738
1496178060,-4.554788e-06
1496178120,-0.0523292
1496178180,-0.047968823
1496178240,-0.0021847486
1496178300,0.021797389
1496178360,0.03051816
1496178420,0.080662616
1496178480,0.074122034
1496178540,0.09810418
1496178600,0.061040875
1496178660,0.07194184
1496178720,0.03705874
1496178780,0.017436996
1496178840,-0.04360844
1496178900,0.008716221
1496178960,0.030518161
1496179020,0.03487855
1496179080,0.037058745
1496179140,0.036768053
1496179200,0.0018849497
1496179260,-0.05567217
1496179320,-0.03387023
1496179380,-0.0033475186
1496179440,0.007844138
1496179500,0.025285685
1496179560,0.0065360195
1496179620,0.03705873
1496179680,0.029272338
1496179740,0.011830782
1496179800,0.011830782
1496179860,0.07505641
1496179920,0.020551564
1496179980,0.008716218
1496180040,0.04141913
1496180100,0.052320093
1496180160,0.032698352
1496180220,0.06758146
1496180280,0.08284281
1496180340,0.054500293
1496180400,0.03487855
1496180460,0.032698352
1496180520,0.015256801
1496180580,0.010896414
1496180640,0.013076608
1496180700,0.013076606
1496180760,0.028337963
1496180820,0.023977572
1496180880,0.023977576
1496180940,0.052320108
1496181000,0.080662616
1496181060,0.07630224
1496181120,0.12426648
1496181180,0.13080709
1496181240,0.104644746
1496181300,0.08284282
1496181360,0.07412204
1496181420,0.041419126
1496181480,0.08502301
1496181540,0.087203205
1496181600,0.082842804
1496181660,0.11336553
1496181720,0.10464475
1496181780,0.07630223
1496181840,0.15696941
1496181900,0.18095154
1496181960,0.19185251
1496182020,0.21147425
1496182080,0.20057327
1496182140,0.12644668
1496182200,0.102464564
1496182260,0.09374377
1496182320,0.09810417
1496182380,0.0893834
1496182440,0.10028437
1496182500,0.11554572
1496182560,0.12208631
1496182620,0.11118532
1496182680,0.13298729
1496182740,0.15478922
1496182800,0.17659116
1496182860,0.14170806
1496182920,0.20929407
1496182980,0.21801484
1496183040,0.25289795
1496183100,0.24635734
1496183160,0.27906027
1496183220,0.23763657
1496183280,0.25725833
1496183340,0.22019504
1496183400,0.21801484
1496183460,0.21801484
1496183520,0.19185251
1496183580,0.16787039
1496183640,0.21801484
1496183700,0.27033946
1496183760,0.28996122
1496183820,0.31394336
1496183880,0.3052226
1496183940,0.28996125
1496184000,0.2572583
1496184060,0.26597908
1496184120,0.24635734
1496184180,0.28560084
1496184240,0.25289795
1496184300,0.25071773
1496184360,0.2594385
1496184420,0.32702452
1496184480,0.3074028
1496184540,0.3292047
1496184600,0.34664628
1496184660,0.3008622
1496184720,0.28124046
1496184780,0.28124046
1496184840,0.27688006
1496184900,0.2289158
1496184960,0.25071773
1496185020,0.23109598
1496185080,0.25725833
1496185140,0.24853756
1496185200,0.22019504
1496185260,0.23327619
1496185320,0.22455542
1496185380,0.20275347
1496185440,0.2354564
1496185500,0.29650182
1496185560,0.26379892
1496185620,0.2616187
1496185680,0.24417716
1496185740,0.24199696
1496185800,0.20057327
1496185860,0.23109598
1496185920,0.23109598
1496185980,0.23109601
1496186040,0.1962129
1496186100,0.21801484
1496186160,0.18095155
1496186220,0.20057328
1496186280,0.20057328
1496186340,0.20057328
1496186400,0.1896723
1496186460,0.21583463
1496186520,0.20929404
1496186580,0.21801484
1496186640,0.24635734
1496186700,0.2594385
1496186760,0.2616187
1496186820,0.27033946
1496186880,0.3139434
1496186940,0.31394336
1496187000,0.31612357
1496187060,0.3005715
1496187120,0.2700488
1496187180,0.272229
1496187240,0.3071121
1496187300,0.3354546
1496187360,0.3619076
1496187420,0.39897093
1496187480,0.3706284
1496187540,0.35100663
1496187600,0.3597274
1496187660,0.38152936
1496187720,0.35100663
1496187780,0.33138493
1496187840,0.34446606
1496187900,0.34388468
1496187960,0.37658763
1496188020,0.44199345
1496188080,0.49722496
1496188140,0.49431804
1496188200,0.49271926
1496188260,0.44693518
1496188320,0.4207729
1496188380,0.41350555
1496188440,0.377169
1496188500,0.40115115
1496188560,0.43821442
1496188620,0.433854
1496188680,0.44693518
1496188740,0.52324194
1496188800,0.5276024
1496188860,0.49489942
1496188920,0.49707964
1496188980,0.5036202
1496189040,0.5276024
1496189100,0.54286367
1496189160,0.5712062
1496189220,0.6039092
1496189280,0.59082794
1496189340,0.5581251
1496189400,0.5406835
1496189460,0.58646756
1496189520,0.54504395
1496189580,0.58210725
1496189640,0.5515844
1496189700,0.5472241
1496189760,0.56902605
1496189820,0.6041999
1496189880,0.5712063
1496189940,0.63443184
1496190000,0.6889367
1496190060,0.64097244
1496190120,0.71044797
1496190180,0.7432962
1496190240,0.7148084
1496190300,0.69082624
1496190360,0.71698856
1496190420,0.6864658
1496190480,0.7236745
1496190540,0.77178407
1496190600,0.8197484
1496190660,0.80666715
1496190720,0.79140586
1496190780,0.79140586
1496190840,0.8110275
1496190900,0.80230683
1496190960,0.88733435
1496191020,0.9621877
1496191080,1.0210528
1496191140,1.055936
1496191200,1.1039002
1496191260,1.1671258
1496191320,1.1554981
1496191380,1.1598586
1496191440,1.1380566
1496191500,1.0944527
1496191560,1.0225064
1496191620,1.0617498
1496191680,1.0443083
1496191740,1.0770112
1496191800,1.0900923
1496191860,1.0770112
1496191920,1.0268668
1496191980,0.9592807
1496192040,0.92875797
1496192100,0.90259576
1496192160,0.8982354
1496192220,0.9200372
1496192280,0.97236186
1496192340,0.95274013
1496192400,0.94837976
1496192460,0.9047759
1496192520,0.88297397
1496192580,0.86989284
1496192640,0.8568117
1496192700,0.8568116
1496192760,0.8742532
1496192820,0.86335224
1496192880,0.88297397
1496192940,0.90695614
1496193000,0.9047759
1496193060,0.9178571
1496193120,0.8764334
1496193180,0.8459107
1496193240,0.80230683
1496193300,0.83500963
1496193360,0.88297397
1496193420,0.9331184
1496193480,0.92003727
1496193540,0.96800154
1496193600,0.9483798
1496193660,0.9091363
1496193720,0.94837976
1496193780,0.9941638
1496193840,0.95274013
1496193900,0.93965906
1496193960,0.95274013
1496194020,0.92439765
1496194080,0.9004156
1496194140,0.97454214
1496194200,0.9767223
1496194260,0.94619966
1496194320,0.9549205
1496194380,0.96800154
1496194440,0.95274013
1496194500,0.9876233
1496194560,0.99852425
1496194620,0.9854431
1496194680,0.9614609
1496194740,0.9374788
1496194800,0.92875797
1496194860,0.95274013
1496194920,0.9156769
1496194980,0.906956
1496195040,0.83500975
1496195100,0.804487
1496195160,0.73690104
1496195220,0.7260001
1496195280,0.7063782
1496195340,0.7674237
1496195400,0.7717841
1496195460,0.8088474
1496195520,0.8328295
1496195580,0.89387494
1496195640,0.9025957
1496195700,0.91349673
1496195760,0.89387494
1496195820,0.86771256
1496195880,0.8393701
1496195940,0.8589918
1496196000,0.87861365
1496196060,0.906956
1496196120,0.93311834
1496196180,0.98544306
1496196240,1.0443083
1496196300,1.0813715
1496196360,1.120615
1496196420,1.1816605
1496196480,1.1576784
1496196540,1.1358764
1496196600,1.0879121
1496196660,1.1118942
1496196720,1.0900923
1496196780,1.1184348
1496196840,1.0770112
1496196900,1.1097142
1496196960,1.1140743
1496197020,1.1358764
1496197080,1.1620387
1496197140,1.1947417
1496197200,1.1816605
1496197260,1.1402367
1496197320,1.1489576
1496197380,1.1336962
1496197440,1.1140746
1496197500,1.1271557
1496197560,1.0791913
1496197620,1.042128
1496197680,1.0508488
1496197740,1.1009933
1496197800,1.1445972
1496197860,1.210003
1496197920,1.2012821
1496197980,1.1969218
1496198040,1.231805
1496198100,1.2296247
1496198160,1.2405257
1496198220,1.2645079
1496198280,1.2928504
1496198340,1.2732286
1496198400,1.2754089
1496198460,1.3211929
1496198520,1.3408146
1496198580,1.3015711
1496198640,1.2666881
1496198700,1.2819494
1496198760,1.2579674
1496198820,1.2950306
1496198880,1.3081118
1496198940,1.3124721
1496199000,1.3146524
1496199060,1.3059317
1496199120,1.3168325
1496199180,1.3190128
1496199240,1.3320938
1496199300,1.3168325
1496199360,1.3386345
1496199420,1.2884899
1496199480,1.2797693
1496199540,1.2754089
1496199600,1.2950306
1496199660,1.3124721
1496199720,1.3495353
1496199780,1.3451751
1496199840,1.3865986
1496199900,1.3713373
1496199960,1.3626165
1496200020,1.3190126
1496200080,1.3320938
1496200140,1.3081117
1496200200,1.3124721
1496200260,1.3277334
1496200320,1.3822384
1496200380,1.3909591
1496200440,1.3604364
1496200500,1.3931394
1496200560,1.3778778
1496200620,1.3822384
1496200680,1.4214817
1496200740,1.491248
1496200800,1.4934281
1496200860,1.467266
1496200920,1.491248
1496200980,1.4890679
1496201040,1.4127611
1496201100,1.4323827
1496201160,1.456365
1496201220,1.4149412
1496201280,1.4084007
1496201340,1.456365
1496201400,1.4498243
1496201460,1.467266
1496201520,1.4868875
1496201580,1.4585451
1496201640,1.5043292
1496201700,1.5413924
1496201760,1.569735
1496201820,1.6067982
1496201880,1.6438614
1496201940,1.6395011
1496202000,1.6286001
1496202060,1.6613032
1496202120,1.6438614
1496202180,1.6525823
1496202240,1.6286001
1496202300,1.6307803
1496202360,1.615519
1496202420,1.6569427
1496202480,1.6831051
1496202540,1.7245288
1496202600,1.7528712
1496202660,1.7158079
1496202720,1.7506909
1496202780,1.7597026
1496202840,1.7291799
1496202900,1.7030176
1496202960,1.7400808
1496203020,1.6964769
1496203080,1.704907
1496203140,1.7310692
1496203200,1.7833939
1496203260,1.8073763
1496203320,1.8509802
1496203380,1.864061
1496203440,1.9251065
1496203500,1.9294668
1496203560,1.9360076
1496203620,1.9251066
1496203680,1.9316472
1496203740,1.8793226
1496203800,1.8269978
1496203860,1.8182772
1496203920,1.8160969
1496203980,1.8160969
1496204040,1.8248177
1496204100,1.8902234
1496204160,1.9381877
1496204220,1.9338274
1496204280,1.9534491
1496204340,1.9752511
1496204400,1.9425482
1496204460,1.9076651
1496204520,1.9425482
1496204580,1.940368
1496204640,1.9207462
1496204700,1.9207463
1496204760,1.9120255
1496204820,1.909845
1496204880,1.9251065
1496204940,1.8880433
1496205000,1.9142056
1496205060,1.9338274
1496205120,1.8989443
1496205180,1.8815026
1496205240,1.9556293
1496205300,1.9643501
1496205360,1.9490887
1496205420,1.9578096
1496205480,1.9774313
1496205540,1.9839717
1496205600,1.9360075
1496205660,1.9033047
1496205720,1.8902235
1496205780,1.8575206
1496205840,1.8226376
1496205900,1.8553404
1496205960,1.8771423
1496206020,1.8924037
1496206080,1.8989443
1496206140,1.8880434
1496206200,1.8618809
1496206260,1.8335385
1496206320,1.8575206
1496206380,1.8444395
1496206440,1.8553404
1496206500,1.885863
1496206560,1.9512688
1496206620,1.9316473
1496206680,1.9338274
1496206740,1.9120255
1496206800,1.8902234
1496206860,1.8553404
1496206920,1.8139167
1496206980,1.8204573
1496207040,1.8422593
1496207100,1.8204571
1496207160,1.8248178
1496207220,1.8487998
1496207280,1.840079
1496207340,1.8291782
1496207400,1.8313583
1496207460,1.807376
1496207520,1.8051959
1496207580,1.8284513
1496207640,1.8321887
1496207700,1.8387294
1496207760,1.8932343
1496207820,1.925937
1496207880,1.907042
1496207940,1.9447283
1496208000,1.9490887
1496208060,1.9098452
1496208120,1.9447283
1496208180,1.940368
1496208240,1.8967642
1496208300,1.8597008
1496208360,1.8182772
1496208420,1.7550515
1496208480,1.7768534
1496208540,1.772493
1496208600,1.8204573
1496208660,1.8815027
1496208720,1.8662413
1496208780,1.8291782
1496208840,1.8902235
1496208900,1.8945841
1496208960,1.8553404
1496209020,1.8335384
1496209080,1.8531603
1496209140,1.7768536
1496209200,1.7092675
1496209260,1.6613032
1496209320,1.6765646
1496209380,1.6504022
1496209440,1.6089786
1496209500,1.5828161
1496209560,1.6198794
1496209620,1.6307803
1496209680,1.6089784
1496209740,1.6176993
1496209800,1.6700239
1496209860,1.6220597
1496209920,1.6242398
1496209980,1.6176993
1496210040,1.6176991
1496210100,1.5871763
1496210160,1.5871764
1496210220,1.5566539
1496210280,1.5457529
1496210340,1.4934282
1496210400,1.5152302
1496210460,1.5217708
1496210520,1.4977888
1496210580,1.502149
1496210640,1.5849962
1496210700,1.5762755
1496210760,1.591537
1496210820,1.5871764
1496210880,1.5806359
1496210940,1.5522934
1496211000,1.4868876
1496211060,1.4607253
1496211120,1.456365
1496211180,1.4105808
1496211240,1.3604364
1496211300,1.3604364
1496211360,1.3408146
1496211420,1.3538958
1496211480,1.3604364
1496211540,1.388779
1496211600,1.3931392
1496211660,1.3691572
1496211720,1.3277334
1496211780,1.2928504
1496211840,1.2274445
1496211900,1.1947416
1496211960,1.1729398
1496212020,1.1249754
1496212080,1.0944527
1496212140,1.0879122
1496212200,1.1118942
1496212260,1.0857319
1496212320,1.0813715
1496212380,1.074831
1496212440,1.1271557
1496212500,1.1140746
1496212560,1.1380566
1496212620,1.1707596
1496212680,1.1554981
1496212740,1.096633
1496212800,1.0508488
1496212860,1.0290469
1496212920,0.9527402
1496212980,0.95056003
1496213040,0.8873344
1496213100,0.8633521
1496213160,0.85245126
1496213220,0.8895145
1496213280,0.94867057
1496213340,1.015239
1496213400,1.0302097
1496213460,1.0322446
1496213520,1.047942
1496213580,0.9947452
1496213640,0.94096714
1496213700,0.9364614
1496213760,0.9226535
1496213820,0.90070623
1496213880,0.90855485
1496213940,0.92526966
1496214000,0.9347172
1496214060,0.90477586
1496214120,0.88689834
1496214180,0.85652095
1496214240,0.8758519
1496214300,0.8470734
1496214360,0.8354457
1496214420,0.79591155
1496214480,0.7496914
1496214540,0.70419806
1496214600,0.65565246
1496214660,0.59635115
1496214720,0.55391
1496214780,0.52251524
1496214840,0.46335936
1496214900,0.4270228
1496214960,0.47716725
1496215020,0.48138228
1496215080,0.48559728
1496215140,0.48196363
1496215200,0.4803648
1496215260,0.4430108
1496215320,0.44809794
1496215380,0.4165578
1496215440,0.3925757
1496215500,0.35376826
1496215560,0.27862424
1496215620,0.1959222
1496215680,0.18298638
1496215740,0.16365534
1496215800,0.13356866
1496215860,0.17877136
1496215920,0.1544985
1496215980,0.13967322
1496216040,0.15973096
1496216100,0.19301526
1496216160,0.19417804
1496216220,0.21467187
1496216280,0.20638715
1496216340,0.1688878
1496216400,0.14199875
1496216460,0.098249495
1496216520,0.08458694
1496216580,0.07048836
1496216640,0.012785926
1496216700,0.017582344
1496216760,0.00871623
1496216820,0.0013035884
1496216880,-0.012795016
1496216940,0.047523677
1496217000,0.0337158
1496217060,0.028047293
1496217120,0.043890033
1496217180,0.046651617
1496217240,0.016128888
1496217300,-0.019480973
1496217360,-0.02994588
1496217420,-0.07631134
1496217480,-0.09636911
1496217540,-0.12878133
1496217600,-0.113229275
1496217660,-0.09651447
1496217720,-0.10828751
1496217780,-0.08125311
1496217840,-0.04171891
1496217900,-0.067881234
1496217960,-0.087939024
1496218020,-0.09011922
1496218080,-0.13444982
1496218140,-0.16846086
1496218200,-0.17907113
1496218260,-0.1889547
1496218320,-0.20712297
1496218380,-0.2332853
1496218440,-0.2591569
1496218500,-0.25203496
1496218560,-0.2728195
1496218620,-0.27180207
1496218680,-0.28430185
1496218740,-0.27543572
1496218800,-0.2838658
1496218860,-0.3061038
1496218920,-0.28023213
1496218980,-0.27296484
1496219040,-0.32572553
1496219100,-0.37805018
1496219160,-0.390986
1496219220,-0.44418272
1496219280,-0.42964807
1496219340,-0.44069442
1496219400,-0.42964807
1496219460,-0.4350259
1496219520,-0.43488058
1496219580,-0.48487964
1496219640,-0.43226433
1496219700,-0.4595894
1496219760,-0.4279039
1496219820,-0.44985119
1496219880,-0.4460722
1496219940,-0.46627533
1496220000,-0.46816483
1496220060,-0.4985422
1496220120,-0.4966527
1496220180,-0.50929785
1496220240,-0.51947206
1496220300,-0.5149663
1496220360,-0.5011585
1496220420,-0.48313555
1496220480,-0.47150782
1496220540,-0.47746703
1496220600,-0.4632231
1496220660,-0.45680705
1496220720,-0.4901329
1496220780,-0.50059783
1496220840,-0.5410041
1496220900,-0.5591724
1496220960,-0.587245
1496221020,-0.5805175
1496221080,-0.5966509
1496221140,-0.5796454
1496221200,-0.5565353
1496221260,-0.56089574
1496221320,-0.59897643
1496221380,-0.57455826
1496221440,-0.5475239
1496221500,-0.5624946
1496221560,-0.5569714
1496221620,-0.49563527
1496221680,-0.49519923
1496221740,-0.47746703
1496221800,-0.48211804
1496221860,-0.49839687
1496221920,-0.5053735
1496221980,-0.49926892
1496222040,-0.50871646
1496222100,-0.5062456
1496222160,-0.4988329
1496222220,-0.5058096
1496222280,-0.507699
1496222340,-0.5579888
1496222400,-0.5848779
1496222460,-0.59359866
1496222520,-0.57615715
1496222580,-0.5815349
1496222640,-0.5777559
1496222700,-0.5738316
1496222760,-0.5832791
1496222820,-0.62397605
1496222880,-0.6265923
1496222940,-0.6356037
1496223000,-0.58429646
1496223060,-0.58662206
1496223120,-0.55072147
1496223180,-0.5383671
1496223240,-0.48647848
1496223300,-0.488804
1496223360,-0.4598801
1496223420,-0.46860087
1496223480,-0.49069348
1496223540,-0.46874622
1496223600,-0.5084258
1496223660,-0.5154024
1496223720,-0.5177279
1496223780,-0.53604156
1496223840,-0.59403473
1496223900,-0.589529
1496223960,-0.5851686
1496224020,-0.6029008
1496224080,-0.5430181
1496224140,-0.5188907
1496224200,-0.49752477
1496224260,-0.50639087
1496224320,-0.45275816
1496224380,-0.46598467
1496224440,-0.47950184
1496224500,-0.5050828
1496224560,-0.4561011
1496224620,-0.48269948
1496224680,-0.52296036
1496224740,-0.5472332
1496224800,-0.4789205
1496224860,-0.49156561
1496224920,-0.47659495
1496224980,-0.43560728
1496225040,-0.33662644
1496225100,-0.36249813
1496225160,-0.3765967
1496225220,-0.39011392
1496225280,-0.417439
1496225340,-0.4247063
1496225400,-0.44490948
1496225460,-0.45639178
1496225520,-0.4988329
1496225580,-0.4742694
1496225640,-0.5550819
1496225700,-0.5549366
1496225760,-0.541274
1496225820,-0.518164
1496225880,-0.5088618
1496225940,-0.493019
1496226000,-0.4821181
1496226060,-0.49490857
1496226120,-0.45697317
1496226180,-0.46424046
1496226240,-0.47296128
1496226300,-0.49505392
1496226360,-0.5326986
1496226420,-0.5623492
1496226480,-0.5558086
1496226540,-0.56714565
1496226600,-0.5518843
1496226660,-0.5136582
1496226720,-0.47383335
1496226780,-0.4937458
1496226840,-0.43444452
1496226900,-0.42979345
1496226960,-0.41162515
1496227020,-0.4257237
1496227080,-0.3877884
1496227140,-0.40043345
1496227200,-0.40929964
1496227260,-0.4334271
1496227320,-0.45682785
1496227380,-0.50653625
1496227440,-0.52223366
1496227500,-0.4956353
1496227560,-0.4515954
1496227620,-0.47107175
1496227680,-0.43299106
1496227740,-0.43691543
1496227800,-0.4309562
1496227860,-0.47121716
1496227920,-0.43429914
1496227980,-0.44069442
1496228040,-0.46351376
1496228100,-0.48720518
1496228160,-0.5011585
1496228220,-0.5542099
1496228280,-0.56612825
1496228340,-0.54577976
1496228400,-0.4908389
1496228460,-0.44476414
1496228520,-0.37209097
1496228580,-0.34505653
1496228640,-0.32296392
1496228700,-0.34738216
1496228760,-0.3655504
1496228820,-0.36962008
1496228880,-0.36307952
1496228940,-0.36148068
1496229000,-0.3813931
1496229060,-0.3863349
1496229120,-0.4124972
1496229180,-0.45406628
1496229240,-0.45304883
1496229300,-0.4717985
1496229360,-0.4709264
1496229420,-0.48444358
1496229480,-0.46002546
1496229540,-0.4828448
1496229600,-0.43614712
1496229660,-0.42626357
1496229720,-0.4134524
1496229780,-0.43772516
1496229840,-0.44862613
1496229900,-0.47395793
1496229960,-0.48631236
1496230020,-0.4944725
1496230080,-0.4411304
1496230140,-0.47121713
1496230200,-0.47485074
1496230260,-0.47601354
1496230320,-0.47412404
1496230380,-0.49854222
1496230440,-0.42703184
1496230500,-0.4382235
1496230560,-0.40493926
1496230620,-0.41554952
1496230680,-0.46249637
1496230740,-0.5015945
1496230800,-0.5018852
1496230860,-0.5440356
1496230920,-0.545053
1496230980,-0.5113327
1496231040,-0.5260127
1496231100,-0.5433089
1496231160,-0.54301816
1496231220,-0.54984945
1496231280,-0.579064
1496231340,-0.5822616
1496231400,-0.5853139
1496231460,-0.6058077
1496231520,-0.59098244
1496231580,-0.57935476
1496231640,-0.6188889
1496231700,-0.6435978
1496231760,-0.62819105
1496231820,-0.672667
1496231880,-0.70566064
1496231940,-0.6853121
1496232000,-0.65653354
1496232060,-0.676446
1496232120,-0.6444698
1496232180,-0.6075519
1496232240,-0.5386577
1496232300,-0.544617
1496232360,-0.5420008
1496232420,-0.55362844
1496232480,-0.60638916
1496232540,-0.6459234
1496232600,-0.6636556
1496232660,-0.6773181
1496232720,-0.721358
1496232780,-0.6940329
1496232840,-0.74519473
1496232900,-0.7281893
1496232960,-0.70159096
1496233020,-0.65086514
1496233080,-0.6435978
1496233140,-0.61729014
1496233200,-0.6388014
1496233260,-0.67397517
1496233320,-0.6498477
1496233380,-0.65929514
1496233440,-0.687783
1496233500,-0.6834226
1496233560,-0.6632195
1496233620,-0.70260835
1496233680,-0.69272476
1496233740,-0.70435256
1496233800,-0.7081315
1496233860,-0.7149628
1496233920,-0.7264452
1496233980,-0.747811
1496234040,-0.69882935
1496234100,-0.72600913
1496234160,-0.71263725
1496234220,-0.74621224
1496234280,-0.7760082
1496234340,-0.8008625
1496234400,-0.7946126
1496234460,-0.8246992
1496234520,-0.84940815
1496234580,-0.8245538
1496234640,-0.8558033
1496234700,-0.8813842
1496234760,-0.89213985
1496234820,-0.86714035
1496234880,-0.91088957
1496234940,-0.89693636
1496235000,-0.8999886
1496235060,-0.8758611
1496235120,-0.8517337
1496235180,-0.83022237
1496235240,-0.86089045
1496235300,-0.8408327
1496235360,-0.905657
1496235420,-0.9117616
1496235480,-0.931674
1496235540,-0.9418483
1496235600,-0.9646676
1496235660,-0.94693536
1496235720,-0.9825452
1496235780,-0.9611793
1496235840,-0.9158314
1496235900,-0.9071105
1496235960,-0.93952274
1496236020,-0.9401042
1496236080,-0.98210925
1496236140,-1.0358874
1496236200,-1.0649565
1496236260,-1.0515847
1496236320,-1.077747
1496236380,-1.0749855
1496236440,-1.0928631
1496236500,-1.0877761
1496236560,-1.1010026
1496236620,-1.0821074
1496236680,-1.0953339
1496236740,-1.0755668
1496236800,-1.0845784
1496236860,-1.0783285
1496236920,-1.0742588
1496236980,-1.077747
1496237040,-1.1092871
1496237100,-1.1291996
1496237160,-1.1556526
1496237220,-1.1994019
1496237280,-1.1940241
1496237340,-1.185594
1496237400,-1.1876289
1496237460,-1.1899543
1496237520,-1.1815243
1496237580,-1.1649547
1496237640,-1.136903
1496237700,-1.1018745
1496237760,-1.0774564
1496237820,-1.0674275
1496237880,-1.089084
1496237940,-1.084433
1496238000,-1.0979502
1496238060,-1.0870492
1496238120,-1.0854504
1496238180,-1.0729506
1496238240,-1.1068163
1496238300,-1.1130662
1496238360,-1.1081244
1496238420,-1.1127754
1496238480,-1.1271648
1496238540,-1.1267287
1496238600,-1.1078337
1496238660,-1.1437342
1496238720,-1.1412634
1496238780,-1.1386471
1496238840,-1.1463505
1496238900,-1.1744024
1496238960,-1.1963496
1496239020,-1.2236748
1496239080,-1.1978031
1496239140,-1.203617
1496239200,-1.2015821
1496239260,-1.2063785
1496239320,-1.1662629
1496239380,-1.1821057
1496239440,-1.1510016
1496239500,-1.1483852
1496239560,-1.1002756
1496239620,-1.107107
1496239680,-1.1290542
1496239740,-1.1069617
1496239800,-1.1338507
1496239860,-1.1594316
1496239920,-1.1717861
1496239980,-1.1828325
1496240040,-1.2030355
1496240100,-1.1741115
1496240160,-1.1656816
1496240220,-1.1559434
1496240280,-1.1537632
1496240340,-1.1624838
1496240400,-1.160449
1496240460,-1.1387925
1496240520,-1.1181532
1496240580,-1.1049268
1496240640,-1.1319612
1496240700,-1.1453332
1496240760,-1.1712047
1496240820,-1.189373
1496240880,-1.2111748
1496240940,-1.2040529
1496241000,-1.178908
1496241060,-1.1655363
1496241120,-1.1466411
1496241180,-1.0794913
1496241240,-0.99039394
1496241300,-0.9978066
1496241360,-0.99083
1496241420,-1.008417
1496241480,-1.0444628
1496241540,-1.0998397
1496241600,-1.1152464
1496241660,-1.1088512
1496241720,-1.1018745
1496241780,-1.1148103
1496241840,-1.1290543
1496241900,-1.118008
1496241960,-1.1405367
1496242020,-1.1334146
1496242080,-1.1047815
1496242140,-1.0767297
1496242200,-1.0607415
1496242260,-1.0607415
1496242320,-1.0264398
1496242380,-0.9921381
1496242440,-1.024405
1496242500,-1.051294
1496242560,-1.0377768
1496242620,-1.0861772
1496242680,-1.1367575
1496242740,-1.1142288
1496242800,-1.0893748
1496242860,-1.0953339
1496242920,-1.0964967
1496242980,-1.09577
1496243040,-1.0712065
1496243100,-1.0664101
1496243160,-1.0629218
1496243220,-1.0347246
1496243280,-1.0460616
1496243340,-1.0345792
1496243400,-1.0357419
1496243460,-1.0262945
1496243520,-1.0805086
1496243580,-1.070189
1496243640,-1.1351589
1496243700,-1.1681523
1496243760,-1.1709347
1496243820,-1.1145405
1496243880,-1.1066917
1496243940,-1.0885235
1496244000,-1.0263153
1496244060,-1.0630671
1496244120,-1.039957
1496244180,-1.0178643
1496244240,-1.0066727
1496244300,-1.0410575
1496244360,-1.0114069
1496244420,-1.0467261
1496244480,-1.0600978
1496244540,-1.0813184
1496244600,-1.0594335
1496244660,-1.0587066
1496244720,-1.0611776
1496244780,-1.0364687
1496244840,-0.9449005
1496244900,-0.9130697
1496244960,-0.8700473
1496245020,-0.8399606
1496245080,-0.8555126
1496245140,-0.9012967
1496245200,-0.92411613
1496245260,-0.92237186
1496245320,-0.9446099
1496245380,-0.9515865
1496245440,-0.99213815
1496245500,-1.032835
1496245560,-1.0326897
1496245620,-1.0446081
1496245680,-1.0014402
1496245740,-0.9562376
1496245800,-0.9097268
1496245860,-0.933086
1496245920,-0.835268
1496245980,-0.8458783
1496246040,-0.8487852
1496246100,-0.87276727
1496246160,-0.8844366
1496246220,-0.93312746
1496246280,-0.97615004
1496246340,-1.002603
1496246400,-0.98864985
1496246460,-0.9755686
1496246520,-0.9860336
1496246580,-0.9437378
1496246640,-0.85362315
1496246700,-0.8521697
1496246760,-0.84155935
1496246820,-0.8219376
1496246880,-0.84664655
1496246940,-0.88589
1496247000,-0.9012967
1496247060,-0.8720822
1496247120,-0.8879249
1496247180,-0.87033796
1496247240,-0.89475614
1496247300,-0.87382627
1496247360,-0.85391384
1496247420,-0.84446627
1496247480,-0.841414
1496247540,-0.80100775
1496247600,-0.7837116
1496247660,-0.8050775
1496247720,-0.77019435
1496247780,-0.7437413
1496247840,-0.77019435
1496247900,-0.76990366
1496247960,-0.7617642
1496248020,-0.78327554
1496248080,-0.784729
1496248140,-0.7967927
1496248200,-0.7909789
1496248260,-0.7752815
1496248320,-0.7946126
1496248380,-0.81379825
1496248440,-0.7267359
1496248500,-0.717143
1496248560,-0.720922
1496248620,-0.6624928
1496248680,-0.6529
1496248740,-0.6832773
1496248800,-0.71481746
1496248860,-0.6888005
1496248920,-0.7254277
1496248980,-0.70813155
1496249040,-0.72862536
1496249100,-0.71903247
1496249160,-0.7520261
1496249220,-0.73182297
1496249280,-0.7223754
1496249340,-0.70885825
1496249400,-0.68225986
1496249460,-0.7079862
1496249520,-0.6999922
1496249580,-0.68734694
1496249640,-0.6969399
1496249700,-0.7004282
1496249760,-0.6664172
1496249820,-0.69316083
1496249880,-0.69039935
1496249940,-0.69475967
1496250000,-0.69388753
1496250060,-0.6965038
1496250120,-0.71161985
1496250180,-0.74999124
1496250240,-0.6957771
1496250300,-0.68298656
1496250360,-0.702463
1496250420,-0.66467303
1496250480,-0.6639463
1496250540,-0.687347
1496250600,-0.7094397
1496250660,-0.6614754
1496250720,-0.72848004
1496250780,-0.7092943
1496250840,-0.7377822
1496250900,-0.7614736
1496250960,-0.75595045
1496251020,-0.70682335
1496251080,-0.70609665
1496251140,-0.6783355
1496251200,-0.6356037
1496251260,-0.68167853
1496251320,-0.6431617
1496251380,-0.63167936
1496251440,-0.64330703
1496251500,-0.61685413
1496251560,-0.607988
1496251620,-0.66351026
1496251680,-0.6771727
1496251740,-0.69737595
1496251800,-0.7376368
1496251860,-0.7466483
1496251920,-0.7382181
1496251980,-0.7212127
1496252040,-0.6433071
1496252100,-0.6196156
1496252160,-0.5869127
1496252220,-0.5655468
1496252280,-0.5729595
1496252340,-0.6383653
1496252400,-0.68938184
1496252460,-0.7068234
1496252520,-0.7014456
1496252580,-0.7135094
1496252640,-0.7367647
1496252700,-0.72571844
1496252760,-0.72004986
1496252820,-0.7418518
1496252880,-0.72150344
1496252940,-0.6992654
1496253000,-0.687347
1496253060,-0.68225986
1496253120,-0.63153404
1496253180,-0.6502837
1496253240,-0.6357491
1496253300,-0.6357491
1496253360,-0.65188247
1496253420,-0.70086426
1496253480,-0.6719403
1496253540,-0.6867656
1496253600,-0.69664913
1496253660,-0.69664913
1496253720,-0.6636556
1496253780,-0.6518825
1496253840,-0.58734876
1496253900,-0.50134534
1496253960,-0.45134625
1496254020,-0.44466028
1496254080,-0.4641367
1496254140,-0.48942694
1496254200,-0.52819294
1496254260,-0.53502417
1496254320,-0.5344427
1496254380,-0.52150697
1496254440,-0.5302277
1496254500,-0.54999477
1496254560,-0.55057615
1496254620,-0.58037215
1496254680,-0.6095868
1496254740,-0.5707793
1496254800,-0.53269863
1496254860,-0.5344427
1496254920,-0.50958854
1496254980,-0.46772882
1496255040,-0.48226345
1496255100,-0.4825541
1496255160,-0.4777577
1496255220,-0.48836794
1496255280,-0.47572288
1496255340,-0.49912357
1496255400,-0.48502502
1496255460,-0.50057703
1496255520,-0.49214697
1496255580,-0.514821
1496255640,-0.4902575
1496255700,-0.46060684
1496255760,-0.4478164
1496255820,-0.43240967
1496255880,-0.41220656
1496255940,-0.4148228
1496256000,-0.4786298
1496256060,-0.4742694
1496256120,-0.50333863
1496256180,-0.5146757
1496256240,-0.52848357
1496256300,-0.53153586
1496256360,-0.54490775
1496256420,-0.5043561
1496256480,-0.48705983
1496256540,-0.45799062
1496256600,-0.40915427
1496256660,-0.37630603
1496256720,-0.3696201
1496256780,-0.36947477
1496256840,-0.39854398
1496256900,-0.4280493
1496256960,-0.46671137
1496257020,-0.47572288
1496257080,-0.48517036
1496257140,-0.49563527
1496257200,-0.48517036
1496257260,-0.45174074
1496257320,-0.46293235
1496257380,-0.44403735
1496257440,-0.3995614
1496257500,-0.37092817
1496257560,-0.33648112
1496257620,-0.33284748
1496257680,-0.35479477
1496257740,-0.32369068
1496257800,-0.3475274
1496257860,-0.39549172
1496257920,-0.39491034
1496257980,-0.38023034
1496258040,-0.43865955
1496258100,-0.44243857
1496258160,-0.42354357
1496258220,-0.3944743
1496258280,-0.38095713
1496258340,-0.32979524
1496258400,-0.31729546
1496258460,-0.31598735
1496258520,-0.3136618
1496258580,-0.3033422
1496258640,-0.35464942
1496258700,-0.4014509
1496258760,-0.40668342
1496258820,-0.42034593
1496258880,-0.42863068
1496258940,-0.417439
1496259000,-0.38459072
1496259060,-0.38648024
1496259120,-0.39185807
1496259180,-0.37848616
1496259240,-0.3225279
1496259300,-0.2575581
1496259360,-0.21744256
1496259420,-0.20625089
1496259480,-0.20407069
1496259540,-0.19912893
1496259600,-0.23866309
1496259660,-0.23430271
1496259720,-0.19607665
1496259780,-0.21584375
1496259840,-0.23386669
1496259900,-0.24026191
1496259960,-0.24593043
1496260020,-0.24113399
1496260080,-0.21875066
1496260140,-0.22340174
1496260200,-0.15944937
1496260260,-0.12006054
1496260320,-0.08793903
1496260380,-0.03939339
1496260440,-0.05029436
1496260500,-0.06468364
1496260560,-0.13168827
1496260620,-0.2100299
1496260680,-0.2800868
1496260740,-0.31787685
1496260800,-0.3370625
1496260860,-0.304941
1496260920,-0.3008713
1496260980,-0.27311015
1496261040,-0.1864838
1496261100,-0.15203673
1496261160,-0.13750212
1496261220,-0.113810666
1496261280,-0.08648557
1496261340,-0.0758753
1496261400,-0.109740995
1496261460,-0.1107584
1496261520,-0.1188978
1496261580,-0.15537971
1496261640,-0.21686119
1496261700,-0.23125045
1496261760,-0.24418628
1496261820,-0.20683229
1496261880,-0.18779193
1496261940,-0.18386757
1496262000,-0.17035036
1496262060,-0.1726759
1496262120,-0.20610555
1496262180,-0.21322753
1496262240,-0.1729666
1496262300,-0.18212342
1496262360,-0.15741456
1496262420,-0.12965344
1496262480,-0.12122334
1496262540,-0.13008946
1496262600,-0.13357778
1496262660,-0.16657136
1496262720,-0.17354798
1496262780,-0.20726831
1496262840,-0.18037923
1496262900,-0.11017702
1496262960,-0.05436406
1496263020,-0.006981185
1496263080,0.0733953
1496263140,0.070924416
1496263200,0.03051816
1496263260,0.032220785
1496263320,0.0051863976
1496263380,-0.022720093
1496263440,-0.035655912
1496263500,-0.021557325
1496263560,-0.055506054
1496263620,-0.06285643
1496263680,-0.058350693
1496263740,-0.05573446
1496263800,-0.0464323
1496263860,-0.031191714
1496263920,0.018745108
1496263980,-0.0017487208
1496264040,0.01758234
1496264100,0.017727682
1496264160,-0.003056829
1496264220,-0.045788642
1496264280,-0.026312241
1496264340,-0.092299454
1496264400,-0.06642781
1496264460,-0.062503465
1496264520,-0.084596075
1496264580,-0.109886326
1496264640,-0.019044908
1496264700,-0.03227142
1496264760,-0.007998598
1496264820,0.03139024
1496264880,0.08109867
1496264940,0.07848243
1496265000,0.04752366
1496265060,0.06162225
1496265120,0.035023894
1496265180,0.013076611
1496265240,-0.05886979
1496265300,-0.015265908
1496265360,-0.019190265
1496265420,0.045779526
1496265480,0.06830818
1496265540,0.09868554
1496265600,0.101883166
1496265660,0.14258014
1496265720,0.13821973
1496265780,0.1515916
1496265840,0.17499237
1496265900,0.1640914
1496265960,0.15333577
1496266020,0.111330695
1496266080,0.07339532
1496266140,0.047669023
1496266200,0.042000517
1496266260,-0.016864711
1496266320,0.00086752075
1496266380,0.027465886
1496266440,0.10028436
1496266500,0.12862688
1496266560,0.1837131
1496266620,0.18371312
1496266680,0.20493366
1496266740,0.18007946
1496266800,0.14853932
1496266860,0.1485393
1496266920,0.13037105
1496266980,0.11336553
1496267040,0.10072038
1496267100,0.075866185
1496267160,0.060023453
1496267220,0.09345307
1496267280,0.100865744
1496267340,0.10493544
1496267400,0.18981765
1496267460,0.20377089
1496267520,0.22615422
1496267580,0.22978787
1496267640,0.24490388
1496267700,0.1999919
1496267760,0.1911258
1496267820,0.186184
1496267880,0.19708496
1496267940,0.16627157
1496268000,0.13124312
1496268060,0.14853932
1496268120,0.12383046
1496268180,0.07034304
1496268240,0.13109775
1496268300,0.18327707
1496268360,0.20653248
1496268420,0.25173518
1496268480,0.2889438
1496268540,0.24330509
1496268600,0.19970123
1496268660,0.14432429
1496268720,0.1056622
1496268780,0.07949986
1496268840,0.0444714
1496268900,0.1044994
1496268960,0.16772503
1496269020,0.16191117
1496269080,0.19185251
1496269140,0.21801485
1496269200,0.21903229
1496269260,0.19926518
1496269320,0.25667694
1496269380,0.264671
1496269440,0.2954844
1496269500,0.2935949
1496269560,0.26656047
1496269620,0.20987545
1496269680,0.20536971
1496269740,0.19083507
1496269800,0.1896723
1496269860,0.1946141
1496269920,0.23618312
1496269980,0.23690987
1496270040,0.3193212
1496270100,0.3728086
1496270160,0.44591776
1496270220,0.45420253
1496270280,0.48123693
1496270340,0.4544932
1496270400,0.38763392
1496270460,0.35027993
1496270520,0.3156875
1496270580,0.3219374
1496270640,0.26612446
1496270700,0.27702543
1496270760,0.28312996
1496270820,0.30202496
1496270880,0.26859534
1496270940,0.3200479
1496271000,0.37484345
1496271060,0.35958207
1496271120,0.3869072
1496271180,0.44911537
1496271240,0.43516216
1496271300,0.45056888
1496271360,0.45085955
1496271420,0.4001337
1496271480,0.37295398
1496271540,0.37411675
1496271600,0.32382694
1496271660,0.30609468
1496271720,0.32353625
1496271780,0.31801307
1496271840,0.3584193
1496271900,0.36307037
1496271960,0.3873432
1496272020,0.39693606
1496272080,0.3744074
1496272140,0.37033772
1496272200,0.29664716
1496272260,0.28952524
1496272320,0.26132807
1496272380,0.29708323
1496272440,0.23981678
1496272500,0.28211257
1496272560,0.31379804
1496272620,0.3453382
1496272680,0.28749037
1496272740,0.33211163
1496272800,0.39911628
1496272860,0.38850603
1496272920,0.41292417
1496272980,0.44955143
1496273040,0.39228502
1496273100,0.34693697
1496273160,0.30754814
1496273220,0.26714185
1496273280,0.26016524
1496273340,0.25565952
1496273400,0.25856647
1496273460,0.29955408
1496273520,0.30551326
1496273580,0.3332744
1496273640,0.41728452
1496273700,0.4496967
1496273760,0.43995857
1496273820,0.49737033
1496273880,0.48327175
1496273940,0.4604524
1496274000,0.39679074
1496274060,0.42513326
1496274120,0.37135515
1496274180,0.35158804
1496274240,0.3403964
1496274300,0.3617623
1496274360,0.37120977
1496274420,0.4325459
1496274480,0.46510348
1496274540,0.48588797
1496274600,0.5408289
1496274660,0.556817
1496274720,0.58763033
1496274780,0.6187344
1496274840,0.65696055
1496274900,0.7412614
1496274960,0.78951627
1496275020,0.808266
1496275080,0.87745076
1496275140,0.91306067
1496275200,0.9435833
1496275260,0.9646585
1496275320,0.97701305
1496275380,1.0116053
1496275440,1.0980865
1496275500,1.1095687
1496275560,1.1586958
1496275620,1.210875
1496275680,1.2194505
1496275740,1.1813698
1496275800,1.1271557
1496275860,1.094598
1496275920,1.0534651
1496275980,1.0062275
1496276040,0.98471624
1496276100,0.9598622
1496276160,0.92497903
1496276220,0.90840954
1496276280,0.8864623
1496276340,0.87381715
1496276400,0.9110258
1496276460,0.9409671
1496276520,0.9851524
1496276580,1.0751216
1496276640,1.0527383
1496276700,1.0393665
1496276760,0.96436787
1496276820,0.90099686
1496276880,0.83471894
1496276940,0.812481
1496277000,0.7489647
1496277060,0.778034
1496277120,0.76567954
1496277180,0.7565227
1496277240,0.8443119
1496277300,0.90303177
1496277360,0.94111246
1496277420,0.9787571
1496277480,0.9607341
1496277540,0.91262454
1496277600,0.8825379
1496277660,0.83646315
1496277720,0.8033242
1496277780,0.84373045
1496277840,0.8241088
1496277900,0.82628894
1496277960,0.8584104
1496278020,0.84402114
1496278080,0.8017254
1496278140,0.77280146
1496278200,0.7884989
1496278260,0.78791755
1496278320,0.86422426
1496278380,0.87105554
1496278440,0.90157825
1496278500,0.88980526
1496278560,0.850271
1496278620,0.78588265
1496278680,0.8047777
1496278740,0.78719074
1496278800,0.7697492
1496278860,0.7674236
1496278920,0.76669693
1496278980,0.74460435
1496279040,0.7908245
1496279100,0.841405
1496279160,0.8504164
1496279220,0.8600092
1496279280,0.8399515
1496279340,0.8152426
1496279400,0.74736595
1496279460,0.7597204
1496279520,0.7576855
1496279580,0.77628976
1496279640,0.7576855
1496279700,0.7943127
1496279760,0.7768712
1496279820,0.7669876
1496279880,0.7597204
1496279940,0.78617334
1496280000,0.78370243
1496280060,0.76597023
1496280120,0.81974834
1496280180,0.85724765
1496280240,0.84024215
1496280300,0.86291623
1496280360,0.89881676
1496280420,0.82657963
1496280480,0.8005626
1496280540,0.80405086
1496280600,0.78617334
1496280660,0.77381897
1496280720,0.7778886
1496280780,0.7762899
1496280840,0.8075392
1496280900,0.760011
1496280960,0.7664063
1496281020,0.8017254
1496281080,0.8180042
1496281140,0.8236727
1496281200,0.87832284
1496281260,0.898526
1496281320,0.87134624
1496281380,0.85070705
1496281440,0.7902431
1496281500,0.7457671
1496281560,0.7409707
1496281620,0.7681504
1496281680,0.77018523
1496281740,0.8079753
1496281800,0.8466374
1496281860,0.8600092
1496281920,0.8866076
1496281980,0.91378736
1496282040,0.9302115
1496282100,0.955211
1496282160,0.95114136
1496282220,0.9155316
1496282280,0.9025957
1496282340,0.8841367
1496282400,0.8806484
1496282460,0.864515
1496282520,0.9155316
1496282580,0.91567683
1496282640,0.9329731
1496282700,0.95826334
1496282760,0.9893674
1496282820,0.98849535
1496282880,1.0130588
1496282940,1.0306457
1496283000,0.9953266
1496283060,0.9810827
1496283120,0.9425659
1496283180,0.97279805
1496283240,0.95288557
1496283300,0.9620423
1496283360,1.0018672
1496283420,1.0679997
1496283480,1.0693078
1496283540,1.0800633
1496283600,1.1076792
1496283660,1.0751218
1496283720,1.0836972
1496283780,1.1030283
1496283840,1.0959063
1496283900,1.0707613
1496283960,1.1033188
1496284020,1.0646567
1496284080,1.0589882
1496284140,1.0768658
1496284200,1.1284637
1496284260,1.1236674
1496284320,1.1661084
1496284380,1.1525912
1496284440,1.1857301
1496284500,1.1270102
1496284560,1.1251208
1496284620,1.1271557
1496284680,1.1450332
1496284740,1.1443065
1496284800,1.1621841
1496284860,1.1530272
1496284920,1.0982317
1496284980,1.1078244
1496285040,1.0693078
1496285100,1.0905284
1496285160,1.1219231
1496285220,1.1274463
1496285280,1.0871853
1496285340,1.1216325
1496285400,1.1563703
1496285460,1.1485215
1496285520,1.198666
1496285580,1.2451769
1496285640,1.2518628
1496285700,1.1780268
1496285760,1.134859
1496285820,1.0665462
1496285880,1.022361
1496285940,0.98224545
1496286000,1.0018672
1496286060,1.011024
1496286120,1.0469245
1496286180,1.079046
1496286240,1.1552074
1496286300,1.2049159
1496286360,1.2562231
1496286420,1.2688683
1496286480,1.2443048
1496286540,1.2284621
1496286600,1.201137
1496286660,1.2188692
1496286720,1.2203227
1496286780,1.2493919
1496286840,1.2951759
1496286900,1.3181406
1496286960,1.3646513
1496287020,1.3974997
1496287080,1.4150866
1496287140,1.3693024
1496287200,1.3812209
1496287260,1.3256986
1496287320,1.3570933
1496287380,1.3278788
1496287440,1.3390704
1496287500,1.3251172
1496287560,1.3847092
1496287620,1.3659595
1496287680,1.4145051
1496287740,1.4335455
1496287800,1.4820913
1496287860,1.4550567
1496287920,1.4267141
1496287980,1.3716279
1496288040,1.4036041
1496288100,1.3751163
1496288160,1.3932847
1496288220,1.4522953
1496288280,1.5213348
1496288340,1.538631
1496288400,1.5903741
1496288460,1.6111587
1496288520,1.589502
1496288580,1.6086878
1496288640,1.6067983
1496288700,1.5778743
1496288760,1.5634851
1496288820,1.623077
1496288880,1.6069437
1496288940,1.5784558
1496289000,1.6408094
1496289060,1.6489487
1496289120,1.6149378
1496289180,1.6005484
1496289240,1.6233678
1496289300,1.5828161
1496289360,1.5762755
1496289420,1.5871764
1496289480,1.6006937
1496289540,1.5425552
1496289600,1.5608687
1496289660,1.5476422
1496289720,1.514358
1496289780,1.5390668
1496289840,1.6405187
1496289900,1.690663
1496289960,1.7313601
1496290020,1.8035971
1496290080,1.8678402
1496290140,1.8647877
1496290200,1.8208933
1496290260,1.898799
1496290320,1.8674041
1496290380,1.8323756
1496290440,1.8466196
1496290500,1.9163858
1496290560,1.8785958
1496290620,1.8931304
1496290680,1.9001069
1496290740,1.8938571
1496290800,1.8948746
1496290860,1.9171127
1496290920,1.9774313
1496290980,2.0018494
1496291040,1.9971985
1496291100,1.9384785
1496291160,1.9473447
1496291220,1.9384785
1496291280,1.9687105
1496291340,1.9556293
1496291400,2.0412383
1496291460,1.9889137
1496291520,1.9799019
1496291580,1.9650769
1496291640,2.0229247
1496291700,1.9778672
1496291760,1.9809195
1496291820,1.951705
1496291880,1.9246706
1496291940,1.8793225
1496292000,1.8464743
1496292060,1.8424045
1496292120,1.8163875
1496292180,1.765371
1496292240,1.7339764
1496292300,1.7442957
1496292360,1.7597027
1496292420,1.8041786
1496292480,1.831213
1496292540,1.8573751
1496292600,1.8672587
1496292660,1.8597008
1496292720,1.8687123
1496292780,1.8791771
1496292840,1.868567
1496292900,1.8261257
1496292960,1.805632
1496293020,1.807376
1496293080,1.8014168
1496293140,1.8005449
1496293200,1.8639159
1496293260,1.9102813
1496293320,1.8974909
1496293380,1.9104266
1496293440,1.9435655
1496293500,1.9211823
1496293560,1.8969094
1496293620,1.9240891
1496293680,1.9422575
1496293740,1.938188
1496293800,1.9060663
1496293860,1.8787413
1496293920,1.80694
1496293980,1.757813
1496294040,1.7137731
1496294100,1.7323775
1496294160,1.750691
1496294220,1.7676967
1496294280,1.7549062
1496294340,1.7675513
1496294400,1.7688594
1496294460,1.7268543
1496294520,1.7488016
1496294580,1.8011261
1496294640,1.770022
1496294700,1.7399354
1496294760,1.7277263
1496294820,1.7021452
1496294880,1.7078139
1496294940,1.7277263
1496295000,1.7294706
1496295060,1.7855741
1496295120,1.7761267
1496295180,1.7458948
1496295240,1.7817951
1496295300,1.795167
1496295360,1.7938589
1496295420,1.7998182
1496295480,1.8258352
1496295540,1.7902254
1496295600,1.803161
1496295660,1.8307768
1496295720,1.8066493
1496295780,1.7415342
1496295840,1.6794714
1496295900,1.6331059
1496295960,1.5637759
1496296020,1.579328
1496296080,1.5637757
1496296140,1.5868859
1496296200,1.6331059
1496296260,1.6412454
1496296320,1.6418266
1496296380,1.673076
1496296440,1.6620299
1496296500,1.6329607
1496296560,1.5986589
1496296620,1.5822349
1496296680,1.5591248
1496296740,1.4857249
1496296800,1.4286038
1496296860,1.4397955
1496296920,1.405639
1496296980,1.381657
1496297040,1.4708996
1496297100,1.479475
1496297160,1.4594172
1496297220,1.4618882
1496297280,1.4771495
1496297340,1.4147959
1496297400,1.3992438
1496297460,1.4006972
1496297520,1.3876162
1496297580,1.3425589
1496297640,1.3586922
1496297700,1.3565121
1496297760,1.4232675
1496297820,1.4362034
1496297880,1.4632378
1496297940,1.4290813
1496298000,1.4048085
1496298060,1.2716298
1496298120,1.2653799
1496298180,1.2534616
1496298240,1.2079681
1496298300,1.2294793
1496298360,1.2495372
1496298420,1.2294794
1496298480,1.1899452
1496298540,1.2068053
1496298600,1.2144879
1496298660,1.2102729
1496298720,1.182221
1496298780,1.1941395
1496298840,1.2457374
1496298900,1.198666
1496298960,1.176864
1496299020,1.1491029
1496299080,1.1475041
1496299140,1.1162962
1496299200,1.1096103
1496299260,1.1100463
1496299320,1.1386379
1496299380,1.1454693
1496299440,1.1048762
1496299500,1.0846729
1496299560,1.1178119
1496299620,1.079918
1496299680,1.0297736
1496299740,1.0142215
1496299800,1.0610231
1496299860,0.9812279
1496299920,0.9898033
1496299980,0.93617064
1496300040,0.89402026
1496300100,0.827161
1496300160,0.73806375
1496300220,0.71495366
1496300280,0.7217849
1496300340,0.699547
1496300400,0.673094
1496300460,0.7011458
1496300520,0.6489665
1496300580,0.63385046
1496300640,0.69445986
1496300700,0.7039073
1496300760,0.70899457
1496300820,0.75332516
1496300880,0.748238
1496300940,0.70739573
1496301000,0.6635011
1496301060,0.66059417
1496301120,0.5911187
1496301180,0.5531833
1496301240,0.5239687
1496301300,0.50885266
1496301360,0.52266055
1496301420,0.51960826
1496301480,0.5704795
1496301540,0.5406835
1496301600,0.54867756
1496301660,0.523678
1496301720,0.5428637
1496301780,0.49010304
1496301840,0.49257386
1496301900,0.45405713
1496301960,0.41452298
1496302020,0.3697563
1496302080,0.37876782
1496302140,0.33908823
1496302200,0.32019326
1496302260,0.29432163
1496302320,0.264671
1496302380,0.22833443
1496302440,0.272665
1496302500,0.27818817
1496302560,0.28719965
1496302620,0.29664716
1496302680,0.2824032
1496302740,0.2556595
1496302800,0.24170625
1496302860,0.2305146
1496302920,0.1983931
1496302980,0.19824775
1496303040,0.17746319
1496303100,0.15391715
1496303160,0.17310284
1496303220,0.14606845
1496303280,0.102464594
1496303340,0.098685585
1496303400,0.1188887
1496303460,0.07979054
1496303520,0.14461496
1496303580,0.13385932
1496303640,0.07208719
1496303700,0.035750616
1496303760,-0.013957779
1496303820,-0.053346634
1496303880,-0.0032021801
1496303940,0.059732765
1496304000,0.06641867
1496304060,0.10580752
1496304120,0.07077909
1496304180,0.046215575
1496304240,0.051157326
1496304300,0.07586623
1496304360,0.059006054
1496304420,0.072232544
1496304480,0.05537237
1496304540,0.025721738
1496304600,-0.031980723
1496304660,-0.007417222
1496304720,-0.018463532
1496304780,-0.054800082
1496304840,-0.056108207
1496304900,-0.03241676
1496304960,-0.060904603
1496305020,-0.13474053
1496305080,-0.17057878
1496305140,-0.20836878
1496305200,-0.24703093
1496305260,-0.31345415
1496305320,-0.25400752
1496305380,-0.22296572
1496305440,-0.24447699
1496305500,-0.22848886
1496305560,-0.1965127
1496305620,-0.22296572
1496305680,-0.2478199
1496305740,-0.25697672
1496305800,-0.25610465
1496305860,-0.24215142
1496305920,-0.23866309
1496305980,-0.24505834
1496306040,-0.2399712
1496306100,-0.2770345
1496306160,-0.29113305
1496306220,-0.33953342
1496306280,-0.34491122
1496306340,-0.3270336
1496306400,-0.33284748
1496306460,-0.36104465
1496306520,-0.32964987
1496306580,-0.33473697
1496306640,-0.38386402
1496306700,-0.402323
1496306760,-0.39621845
1496306820,-0.40246835
1496306880,-0.4242703
1496306940,-0.39491037
1496307000,-0.38095713
1496307060,-0.3925848
1496307120,-0.3994161
1496307180,-0.3841547
1496307240,-0.421218
1496307300,-0.4306655
1496307360,-0.42005524
1496307420,-0.4672928
1496307480,-0.47601354
1496307540,-0.50333863
1496307600,-0.5123501
1496307660,-0.53051835
1496307720,-0.4840076
1496307780,-0.47543216
1496307840,-0.39738122
1496307900,-0.3716549
1496307960,-0.3363358
1496308020,-0.32558018
1496308080,-0.3017434
1496308140,-0.27456364
1496308200,-0.25465122
1496308260,-0.25072685
1496308320,-0.27558106
1496308380,-0.27514502
1496308440,-0.36845732
1496308500,-0.38866043
1496308560,-0.3995614
1496308620,-0.3863349
1496308680,-0.43284568
1496308740,-0.4181657
1496308800,-0.43371776
1496308860,-0.462351
1496308920,-0.44011304
1496308980,-0.41147983
1496309040,-0.37121892
1496309100,-0.30392358
1496309160,-0.23720966
1496309220,-0.24360485
1496309280,-0.22049476
1496309340,-0.23052372
1496309400,-0.27572638
1496309460,-0.33619043
1496309520,-0.35057974
1496309580,-0.38938716
1496309640,-0.361626
1496309700,-0.37906757
1496309760,-0.35900983
1496309820,-0.35653892
1496309880,-0.34098688
1496309940,-0.34302172
1496310000,-0.36714923
1496310060,-0.33270216
1496310120,-0.31438854
1496310180,-0.33473703
1496310240,-0.3203477
1496310300,-0.27049395
1496310360,-0.31845823
1496310420,-0.2949121
1496310480,-0.2617732
1496310540,-0.27005792
1496310600,-0.24709319
1496310660,-0.20058239
1496310720,-0.20639627
1496310780,-0.207559
1496310840,-0.21918671
1496310900,-0.2457851
1496310960,-0.28793553
1496311020,-0.33720788
1496311080,-0.34244034
1496311140,-0.35973653
1496311200,-0.3601726
1496311260,-0.31496987
1496311320,-0.28793547
1496311380,-0.28095886
1496311440,-0.2690405
1496311500,-0.2636627
1496311560,-0.28154027
1496311620,-0.25973833
1496311680,-0.28008685
1496311740,-0.27688918
1496311800,-0.29345867
1496311860,-0.2962202
1496311920,-0.338516
1496311980,-0.3428764
1496312040,-0.34723678
1496312100,-0.33124867
1496312160,-0.3489809
1496312220,-0.32674295
1496312280,-0.2892436
1496312340,-0.30813864
1496312400,-0.31453386
1496312460,-0.31787685
1496312520,-0.2901157
1496312580,-0.29404005
1496312640,-0.28779012
1496312700,-0.30290616
1496312760,-0.29287726
1496312820,-0.33633578
1496312880,-0.34316707
1496312940,-0.316278
1496313000,-0.30755726
1496313060,-0.28139493
1496313120,-0.2691858
1496313180,-0.25348845
1496313240,-0.2078497
1496313300,-0.17606735
1496313360,-0.17107713
1496313420,-0.1200606
1496313480,-0.099566735
1496313540,-0.07766101
1496313600,-0.09127507
1496313660,-0.094957165
1496313720,-0.13739832
1496313780,-0.16893844
1496313840,-0.2587209
1496313900,-0.25058147
1496313960,-0.2332853
1496314020,-0.22427382
1496314080,-0.23924446
1496314140,-0.18779193
1496314200,-0.18357688
1496314260,-0.21250081
1496314320,-0.18880935
1496314380,-0.19215232
1496314440,-0.25261635
1496314500,-0.26802307
1496314560,-0.2899703
1496314620,-0.37180027
1496314680,-0.36235276
1496314740,-0.33633575
1496314800,-0.32994053
1496314860,-0.301598
1496314920,-0.268023
1496314980,-0.28124952
1496315040,-0.26249987
1496315100,-0.27020323
1496315160,-0.2739822
1496315220,-0.27369153
1496315280,-0.2555233
1496315340,-0.2453491
1496315400,-0.2739823
1496315460,-0.29781905
1496315520,-0.3328475
1496315580,-0.33938804
1496315640,-0.37819552
1496315700,-0.39374757
1496315760,-0.36235276
1496315820,-0.31845823
1496315880,-0.30348754
1496315940,-0.29258657
1496316000,-0.24898271
1496316060,-0.30377823
1496316120,-0.30203408
1496316180,-0.33342886
1496316240,-0.36380625
1496316300,-0.39243945
1496316360,-0.3941836
1496316420,-0.44011298
1496316480,-0.42179933
1496316540,-0.4011602
1496316600,-0.394765
1496316660,-0.40508452
1496316720,-0.40072417
1496316780,-0.42252612
1496316840,-0.39505568
1496316900,-0.40610203
1496316960,-0.357847
1496317020,-0.3533413
1496317080,-0.35145178
1496317140,-0.391858
1496317200,-0.39650917
1496317260,-0.42339823
1496317320,-0.45057797
1496317380,-0.47979257
1496317440,-0.54359955
1496317500,-0.574413
1496317560,-0.58458716
1496317620,-0.5518843
1496317680,-0.5209256
1496317740,-0.47441474
1496317800,-0.41249725
1496317860,-0.40261367
1496317920,-0.37514326
1496317980,-0.37572464
1496318040,-0.37325373
1496318100,-0.40116024
1496318160,-0.402323
1496318220,-0.4110438
1496318280,-0.41046238
1496318340,-0.41976455
1496318400,-0.4265958
1496318460,-0.4281946
1496318520,-0.47688565
1496318580,-0.4805193
1496318640,-0.46293244
1496318700,-0.46947297
1496318760,-0.4790658
1496318820,-0.45057794
1496318880,-0.45784524
1496318940,-0.43328175
1496319000,-0.4110438
1496319060,-0.40246835
1496319120,-0.41554952
1496319180,-0.4187471
1496319240,-0.44083977
1496319300,-0.46772876
1496319360,-0.46540323
1496319420,-0.45871735
1496319480,-0.46772885
1496319540,-0.5151117
1496319600,-0.53575087
1496319660,-0.58356977
1496319720,-0.5858953
1496319780,-0.58822083
1496319840,-0.59388936
1496319900,-0.5979591
1496319960,-0.574413
1496320020,-0.589529
1496320080,-0.59345335
1496320140,-0.5697619
1496320200,-0.56627357
1496320260,-0.5619132
1496320320,-0.58429646
1496320380,-0.62077844
1496320440,-0.6289178
1496320500,-0.6101681
1496320560,-0.61903423
1496320620,-0.6194703
1496320680,-0.619761
1496320740,-0.61365646
1496320800,-0.6297898
1496320860,-0.65929514
1496320920,-0.6861842
1496320980,-0.65755105
1496321040,-0.6992654
1496321100,-0.7030444
1496321160,-0.70493394
1496321220,-0.6758647
1496321280,-0.7046432
1496321340,-0.7072594
1496321400,-0.7466483
1496321460,-0.72644514
1496321520,-0.7278986
1496321580,-0.7363288
1496321640,-0.7290614
1496321700,-0.7097303
1496321760,-0.7242649
1496321820,-0.7421426
1496321880,-0.7528982
1496321940,-0.799409
1496322000,-0.80406
1496322060,-0.8257167
1496322120,-0.82397246
1496322180,-0.8081297
1496322240,-0.74592155
1496322300,-0.7456308
1496322360,-0.74940985
1496322420,-0.7450495
1496322480,-0.75522375
1496322540,-0.77688026
1496322600,-0.77658963
1496322660,-0.74970055
1496322720,-0.7938859
1496322780,-0.7603108
1496322840,-0.83109444
1496322900,-0.88966894
1496322960,-0.92804044
1496323020,-0.91554064
1496323080,-0.9678653
1496323140,-0.92905784
1496323200,-0.88777953
1496323260,-0.86626834
1496323320,-0.8496988
1496323380,-0.8302224
1496323440,-0.8524603
1496323500,-0.86510545
1496323560,-0.88196564
1496323620,-0.91118026
1496323680,-0.934145
1496323740,-0.9142325
1496323800,-0.8789134
1496323860,-0.8870527
1496323920,-0.9132151
1496323980,-0.9174301
1496324040,-0.92862177
1496324100,-0.98414403
1496324160,-0.9919928
1496324220,-0.9812371
1496324280,-0.9879231
1496324340,-0.96568507
1496324400,-0.97615004
1496324460,-0.9735338
1496324520,-0.9896672
1496324580,-0.9796384
1496324640,-1.0169923
1496324700,-1.0079808
1496324760,-1.0190271
1496324820,-1.0337071
1496324880,-1.0417012
1496324940,-1.0392302
1496325000,-1.0431546
1496325060,-1.077311
1496325120,-1.0457709
1496325180,-1.0587066
1496325240,-1.0523114
1496325300,-1.0706252
1496325360,-1.038649
1496325420,-1.0417012
1496325480,-1.0511488
1496325540,-1.0960608
1496325600,-1.065538
1496325660,-1.1111767
1496325720,-1.1578327
1496325780,-1.1649548
1496325840,-1.0940259
1496325900,-1.0696076
1496325960,-1.0042019
1496326020,-0.92818576
1496326080,-0.89417475
1496326140,-0.92673224
1496326200,-0.98312664
1496326260,-0.9815278
1496326320,-1.0326897
1496326380,-1.0312363
1496326440,-1.0685903
1496326500,-1.0748401
1496326560,-1.1428622
1496326620,-1.1556526
1496326680,-1.1803616
1496326740,-1.1421355
1496326800,-1.1114675
1496326860,-1.055509
1496326920,-0.961034
1496326980,-0.90856403
1496327040,-0.90565705
1496327100,-0.8709192
1496327160,-0.8504255
1496327220,-0.9049303
1496327280,-0.9389413
1496327340,-0.9674292
1496327400,-0.9873417
1496327460,-0.995045
1496327520,-0.9244067
1496327580,-0.9244068
1496327640,-0.8735356
1496327700,-0.8693206
1496327760,-0.88807017
1496327820,-0.96481293
1496327880,-0.9934462
1496327940,-0.9905393
1496328000,-1.0572532
1496328060,-1.0521661
1496328120,-1.0669914
1496328180,-1.0537649
1496328240,-1.1492573
1496328300,-1.1117581
1496328360,-1.1425714
1496328420,-1.1246939
1496328480,-1.1124848
1496328540,-1.0656832
1496328600,-1.0446081
1496328660,-1.0151027
1496328720,-0.9331276
1496328780,-0.8475186
1496328840,-0.77353734
1496328900,-0.74301463
1496328960,-0.67789954
1496329020,-0.67819023
1496329080,-0.69839334
1496329140,-0.7031898
1496329200,-0.6999922
1496329260,-0.72644514
1496329320,-0.7373461
1496329380,-0.75420636
1496329440,-0.7047886
1496329500,-0.6898179
1496329560,-0.6998468
1496329620,-0.7059514
1496329680,-0.7239742
1496329740,-0.7488284
1496329800,-0.7845836
1496329860,-0.76641536
1496329920,-0.7732466
1496329980,-0.7555144
1496330040,-0.79737407
1496330100,-0.7792058
1496330160,-0.7844383
1496330220,-0.78269416
1496330280,-0.80972856
1496330340,-0.7792058
1496330400,-0.7334218
1496330460,-0.7636538
1496330520,-0.73356706
1496330580,-0.7273173
1496330640,-0.7749908
1496330700,-0.79315907
1496330760,-0.7533342
1496330820,-0.79156023
1496330880,-0.7845836
1496330940,-0.7600201
1496331000,-0.76583403
1496331060,-0.77717096
1496331120,-0.7572586
1496331180,-0.74592155
1496331240,-0.68225986
1496331300,-0.6501384
1496331360,-0.63182473
1496331420,-0.63880134
1496331480,-0.6338596
1496331540,-0.6701961
1496331600,-0.7103117
1496331660,-0.7005735
1496331720,-0.7181604
1496331780,-0.7300789
1496331840,-0.7232475
1496331900,-0.71525353
1496331960,-0.7387996
1496332020,-0.7197592
1496332080,-0.7547877
1496332140,-0.7520261
1496332200,-0.72557306
1496332260,-0.7530435
1496332320,-0.7481017
1496332380,-0.710457
1496332440,-0.7267359
1496332500,-0.74097985
1496332560,-0.7074048
1496332620,-0.69112605
1496332680,-0.6867657
1496332740,-0.7087129
1496332800,-0.71598023
1496332860,-0.7017362
1496332920,-0.7411251
1496332980,-0.7502819
1496333040,-0.73371243
1496333100,-0.76612467
1496333160,-0.76670605
1496333220,-0.7340031
1496333280,-0.71583486
1496333340,-0.6992654
1496333400,-0.67528325
1496333460,-0.67935294
1496333520,-0.7103117
1496333580,-0.7087129
1496333640,-0.7373462
1496333700,-0.7741187
1496333760,-0.8044961
1496333820,-0.78254884
1496333880,-0.7991182
1496333940,-0.79083353
1496334000,-0.74970055
1496334060,-0.7396717
1496334120,-0.70813155
1496334180,-0.71525353
1496334240,-0.74388665
1496334300,-0.7492645
1496334360,-0.7305148
1496334420,-0.76190966
1496334480,-0.7377822
1496334540,-0.7303695
1496334600,-0.76568866
1496334660,-0.8004264
1496334720,-0.7953393
1496334780,-0.79228705
1496334840,-0.75347954
1496334900,-0.705806
1496334960,-0.6794984
1496335020,-0.6536267
1496335080,-0.64127225
1496335140,-0.6185982
1496335200,-0.6188889
1496335260,-0.631098
1496335320,-0.6454873
1496335380,-0.645778
1496335440,-0.68909115
1496335500,-0.7408344
1496335560,-0.7367647
1496335620,-0.7398171
1496335680,-0.746939
1496335740,-0.74170655
1496335800,-0.69490504
1496335860,-0.68574816
1496335920,-0.7037711
1496335980,-0.7399624
1496336040,-0.75696784
1496336100,-0.77644426
1496336160,-0.76365376
1496336220,-0.77688026
1496336280,-0.7415611
1496336340,-0.7068234
1496336400,-0.69490504
1496336460,-0.6723764
1496336520,-0.6277551
1496336580,-0.61423784
1496336640,-0.57819194
1496336700,-0.55740744
1496336760,-0.57484895
1496336820,-0.57005256
1496336880,-0.57426757
1496336940,-0.55639005
1496337000,-0.533716
1496337060,-0.50958854
1496337120,-0.53749496
1496337180,-0.54287285
1496337240,-0.5946161
1496337300,-0.6172901
1496337360,-0.6438885
1496337420,-0.61220294
1496337480,-0.5921452
1496337540,-0.5784826
1496337600,-0.5582795
1496337660,-0.55202967
1496337720,-0.49330974
1496337780,-0.45842662
1496337840,-0.4341406
1496337900,-0.40830863
1496337960,-0.3976455
1496338020,-0.44866204
1496338080,-0.4450284
1496338140,-0.45075855
1496338200,-0.4848268
1496338260,-0.4728159
1496338320,-0.44985119
1496338380,-0.5017398
1496338440,-0.4668083
1496338500,-0.432555
1496338560,-0.4239796
1496338620,-0.4036311
1496338680,-0.3837187
1496338740,-0.39345685
1496338800,-0.4092996
1496338860,-0.39447427
1496338920,-0.41918314
1496338980,-0.41264257
1496339040,-0.42863062
1496339100,-0.4485431
1496339160,-0.46104288
1496339220,-0.46118823
1496339280,-0.44345593
1496339340,-0.4424385
1496339400,-0.40842757
1496339460,-0.42877603
1496339520,-0.39200345
1496339580,-0.3960731
1496339640,-0.4055206
1496339700,-0.44098508
1496339760,-0.41671225
1496339820,-0.47136244
1496339880,-0.4869145
1496339940,-0.45755455
1496340000,-0.45130467
1496340060,-0.45406625
1496340120,-0.47892046
1496340180,-0.47412404
1496340240,-0.45203137
1496340300,-0.4145321
1496340360,-0.38735232
1496340420,-0.37557927
1496340480,-0.3870617
1496340540,-0.38953248
1496340600,-0.40959027
1496340660,-0.45377555
1496340720,-0.4383689
1496340780,-0.42630515
1496340840,-0.48110065
1496340900,-0.48095533
1496340960,-0.46031618
1496341020,-0.4672928
1496341080,-0.48168206
1496341140,-0.48865017
1496341200,-0.48806873
1496341260,-0.5152485
1496341320,-0.472226
1496341380,-0.46350518
1496341440,-0.47325197
1496341500,-0.48458895
1496341560,-0.46264172
1496341620,-0.507699
1496341680,-0.48705986
1496341740,-0.45566508
1496341800,-0.43647942
1496341860,-0.42572376
1496341920,-0.39679983
1496341980,-0.4063927
1496342040,-0.39142203
1496342100,-0.37499788
1496342160,-0.38342798
1496342220,-0.40145096
1496342280,-0.41409603
1496342340,-0.4110438
1496342400,-0.39999747
1496342460,-0.39767194
1496342520,-0.3622074
1496342580,-0.33183005
1496342640,-0.3343009
1496342700,-0.3329928
1496342760,-0.3216558
1496342820,-0.34752747
1496342880,-0.3559575
1496342940,-0.36598644
1496343000,-0.3539227
1496343060,-0.37194562
1496343120,-0.32921383
1496343180,-0.32005703
1496343240,-0.30058062
1496343300,-0.3404055
1496343360,-0.32107443
1496343420,-0.32746968
1496343480,-0.3297952
1496343540,-0.35377732
1496343600,-0.33953336
1496343660,-0.33938804
1496343720,-0.35392272
1496343780,-0.33866134
1496343840,-0.2832844
1496343900,-0.27994144
1496343960,-0.23372136
1496344020,-0.22412848
1496344080,-0.23706432
1496344140,-0.24840133
1496344200,-0.2627906
1496344260,-0.27965075
1496344320,-0.2873541
1496344380,-0.25828487
1496344440,-0.30784792
1496344500,-0.30930138
1496344560,-0.30537704
1496344620,-0.30014455
1496344680,-0.31017348
1496344740,-0.27427292
1496344800,-0.23779102
1496344860,-0.2722381
1496344920,-0.24578507
1496344980,-0.22674471
1496345040,-0.21133803
1496345100,-0.23197718
1496345160,-0.19883828
1496345220,-0.2521803
1496345280,-0.26816842
1496345340,-0.2726741
1496345400,-0.22470987
1496345460,-0.22282036
1496345520,-0.16802485
1496345580,-0.17223985
1496345640,-0.13415913
1496345700,-0.1638098
1496345760,-0.14738567
1496345820,-0.15567039
1496345880,-0.1540716
1496345940,-0.1518914
1496346000,-0.15290882
1496346060,-0.12195006
1496346120,-0.12442096
1496346180,-0.066427805
1496346240,-0.10697943
1496346300,-0.12907206
1496346360,-0.16642605
1496346420,-0.1597401
1496346480,-0.21526237
1496346540,-0.18459429
1496346600,-0.1375021
1496346660,-0.13226967
1496346720,-0.110322356
1496346780,-0.0706428
1496346840,-0.08982854
1496346900,-0.09157268
1496346960,-0.113229275
1496347020,-0.14811237
1496347080,-0.158868
1496347140,-0.1472403
1496347200,-0.119624525
1496347260,-0.12616509
1496347320,-0.07093353
1496347380,-0.08648559
1496347440,-0.0620674
1496347500,-0.079654306
1496347560,-0.03779459
1496347620,-0.083869345
1496347680,-0.06177671
1496347740,-0.05349197
1496347800,-0.060904652
1496347860,-0.027184287
1496347920,-0.025730848
1496347980,-0.018318186
1496348040,-0.0356144
1496348100,-0.029364506
1496348160,-0.076747365
1496348220,-0.021079758
1496348280,-0.036922496
1496348340,-0.01497521
1496348400,0.0069720843
1496348460,0.008716236
1496348520,-0.0013126731
1496348580,0.0031930506
1496348640,-0.0029114883
1496348700,-0.025730858
1496348760,0.024849648
1496348820,-0.0126496805
1496348880,0.0072627566
1496348940,-0.019771626
1496349000,-0.00087661546
1496349060,-0.026021525
1496349120,-0.019771626
1496349180,0.00014081101
1496349240,0.031390253
1496349300,0.056099117
1496349360,0.059151363
1496349420,0.05842461
1496349480,0.03705873
1496349540,0.045779508
1496349600,0.03502388
1496349660,0.06830817
1496349720,0.09345309
1496349780,0.15028344
1496349840,0.1236851
1496349900,0.124993235
1496349960,0.13807438
1496350020,0.14243476
1496350080,0.11147603
1496350140,0.1472312
1496350200,0.16394603
1496350260,0.14824863
1496350320,0.17295748
1496350380,0.1606031
1496350440,0.13589422
1496350500,0.10435408
1496350560,0.05101199
1496350620,0.013803358
1496350680,0.019762574
1496350740,0.006536039
1496350800,0.021506691
1496350860,0.059151363
1496350920,0.06322104
1496350980,0.09519724
1496351040,0.1576961
1496351100,0.18007945
1496351160,0.21176495
1496351220,0.24446784
1496351280,0.23865397
1496351340,0.25624087
1496351400,0.22571816
1496351460,0.22731699
1496351520,0.23894466
1496351580,0.2649617
1496351640,0.2204857
1496351700,0.23472963
1496351760,0.24170627
1496351820,0.21772413
1496351880,0.18080616
1496351940,0.15217297
1496352000,0.16670758
1496352060,0.15493453
1496352120,0.18240495
1496352180,0.21772413
1496352240,0.20827664
1496352300,0.18763743
1496352360,0.21292771
1496352420,0.18487586
1496352480,0.18749212
1496352540,0.26074663
1496352600,0.3417045
1496352660,0.3084202
1496352720,0.30958298
1496352780,0.30943766
1496352840,0.3087109
1496352900,0.26743257
1496352960,0.29635647
1496353020,0.31612357
1496353080,0.27673474
1496353140,0.2803684
1496353200,0.23414826
1496353260,0.21627067
1496353320,0.25842106
1496353380,0.29533902
1496353440,0.27804282
1496353500,0.30821258
1496353560,0.29266056
1496353620,0.24862063
1496353680,0.24266137
1496353740,0.26737025
1496353800,0.31234455
1496353860,0.33196628
1496353920,0.37324464
1496353980,0.3709191
1496354040,0.35246012
1496354100,0.310019
1496354160,0.29926336
1496354220,0.28850776
1496354280,0.29795527
1496354340,0.3121992
1496354400,0.3533322
1496354460,0.3533322
1496354520,0.35115203
1496354580,0.3841456
1496354640,0.42309836
1496354700,0.42208102
1496354760,0.5021668
1496354820,0.53239876
1496354880,0.519463
1496354940,0.50667244
1496355000,0.5408289
1496355060,0.48908558
1496355120,0.46975455
1496355180,0.46626624
1496355240,0.46074307
1496355300,0.40929052
1496355360,0.45085955
1496355420,0.45638266
1496355480,0.45274904
1496355540,0.44388294
1496355600,0.4717894
1496355660,0.43632492
1496355720,0.47208008
1496355780,0.4664116
1496355840,0.47309747
1496355900,0.45972565
1496355960,0.4684464
1496356020,0.4174299
1496356080,0.4518769
1496356140,0.40783706
1496356200,0.42585996
1496356260,0.43196452
1496356320,0.42644134
1496356380,0.4255693
1496356440,0.48298106
1496356500,0.46074307
1496356560,0.4387958
1496356620,0.44766197
1496356680,0.4193194
1496356740,0.41539505
1496356800,0.3863258
1496356860,0.42019144
1496356920,0.42615065
1496356980,0.4701906
1496357040,0.48283574
1496357100,0.5135038
1496357160,0.49998662
1496357220,0.5264396
1496357280,0.51786417
1496357340,0.50478303
1496357400,0.5187363
1496357460,0.48341706
1496357520,0.523678
1496357580,0.52600354
1496357640,0.52963716
1496357700,0.5276024
1496357760,0.5651017
1496357820,0.530364
1496357880,0.4871961
1496357940,0.47164404
1496358000,0.4892309
1496358060,0.4899577
1496358120,0.46335927
1496358180,0.50085866
1496358240,0.56757253
1496358300,0.5584158
1496358360,0.56960744
1496358420,0.6121939
1496358480,0.5944616
1496358540,0.57934564
1496358600,0.57571197
1496358660,0.5434451
1496358720,0.52178854
1496358780,0.5476602
1496358840,0.55391
1496358900,0.5651017
1496358960,0.5947524
1496359020,0.62672853
1496359080,0.61204857
1496359140,0.5812352
1496359200,0.5700435
1496359260,0.5444625
1496359320,0.5613227
1496359380,0.5370499
1496359440,0.5418463
1496359500,0.549695
1496359560,0.5771654
1496359620,0.5479508
1496359680,0.5937349
1496359740,0.58850247
1496359800,0.5999848
1496359860,0.6213507
1496359920,0.625275
1496359980,0.58603156
1496360040,0.64358866
1496360100,0.6252751
1496360160,0.59983945
1496360220,0.61117643
1496360280,0.5976593
1496360340,0.5617587
1496360400,0.5944616
1496360460,0.60652536
1496360520,0.5781829
1496360580,0.655071
1496360640,0.6713498
1496360700,0.65841395
1496360760,0.684431
1496360820,0.69373316
1496360880,0.6489665
1496360940,0.64242595
1496361000,0.66597193
1496361060,0.60986835
1496361120,0.6358853
1496361180,0.65943146
1496361240,0.5951884
1496361300,0.5299279
1496361360,0.5447532
1496361420,0.49460876
1496361480,0.46597555
1496361540,0.4815276
1496361600,0.5249861
1496361660,0.53879404
1496361720,0.5547821
1496361780,0.6007115
1496361840,0.6998377
1496361900,0.73661035
1496361960,0.77003986
1496362020,0.8152427
1496362080,0.8132078
1496362140,0.78966165
1496362200,0.81131834
1496362260,0.8248355
1496362320,0.8133531
1496362380,0.8252714
1496362440,0.8047777
1496362500,0.8139345
1496362560,0.83922476
1496362620,0.8432944
1496362680,0.82730633
1496362740,0.83602715
1496362800,0.7832665
1496362860,0.7687318
1496362920,0.8201844
1496362980,0.8293412
1496363040,0.8425677
1496363100,0.87948555
1496363160,0.8602999
1496363220,0.7911152
1496363280,0.81364375
1496363340,0.7716387
1496363400,0.79416734
1496363460,0.8088474
1496363520,0.8501258
1496363580,0.8443118
1496363640,0.92439765
1496363700,0.9287581
1496363760,0.94997853
1496363820,0.9338451
1496363880,0.9289034
1496363940,0.92686844
1496364000,0.87410784
1496364060,0.8453293
1496364120,0.8493989
1496364180,0.8354457
1496364240,0.8065219
1496364300,0.82163787
1496364360,0.8009987
1496364420,0.82817847
1496364480,0.8435852
1496364540,0.86843926
1496364600,0.90172356
1496364660,0.93500787
1496364720,0.9415485
1496364780,0.9418392
1496364840,0.92614174
1496364900,0.89503765
1496364960,0.89358425
1496365020,0.8623348
1496365080,0.8354457
1496365140,0.82687026
1496365200,0.84474784
1496365260,0.86000925
1496365320,0.86436963
1496365380,0.8847181
1496365440,0.95506555
1496365500,0.94590884
1496365560,0.91495013
1496365620,0.9387869
1496365680,0.9206186
1496365740,0.85841036
1496365800,0.85448605
1496365860,0.89285755
1496365920,0.8560849
1496365980,0.87832284
1496366040,0.880503
1496366100,0.85768366
1496366160,0.85027105
1496366220,0.8400968
1496366280,0.8246901
1496366340,0.774255
1496366400,0.7661156
1496366460,0.6980935
1496366520,0.74838334
1496366580,0.7744003
1496366640,0.7733829
1496366700,0.7424242
1496366760,0.75594133
1496366820,0.6925704
1496366880,0.6350133
1496366940,0.5948977
1496367000,0.6605942
1496367060,0.69024485
1496367120,0.6863205
1496367180,0.72236633
1496367240,0.8520152
1496367300,0.83312017
1496367360,0.8130624
1496367420,0.84562
1496367480,0.8281784
1496367540,0.76640624
1496367600,0.7416974
1496367660,0.73820907
1496367720,0.7248373
1496367780,0.7230931
1496367840,0.6892274
1496367900,0.7194595
1496367960,0.7517263
1496368020,0.7828304
1496368080,0.7674237
1496368140,0.7710573
1496368200,0.741116
1496368260,0.7174246
1496368320,0.7257094
1496368380,0.73748237
1496368440,0.7363196
1496368500,0.75783086
1496368560,0.75448793
1496368620,0.72788954
1496368680,0.7156804
1496368740,0.74983686
1496368800,0.7360289
1496368860,0.73733705
1496368920,0.7507089
1496368980,0.7591389
1496369040,0.80913806
1496369100,0.85361403
1496369160,0.84998035
1496369220,0.8518698
1496369280,0.8700382
1496369340,0.8303587
1496369400,0.81509733
1496369460,0.87091017
1496369520,0.8306493
1496369580,0.8242541
1496369640,0.800272
1496369700,0.8201844
1496369760,0.7992545
1496369820,0.8568116
1496369880,0.8643696
1496369940,0.9020143
1496370000,0.90404916
1496370060,0.8723635
1496370120,0.8485269
1496370180,0.8803577
1496370240,0.8626254
1496370300,0.8530326
1496370360,0.8387887
1496370420,0.8498351
1496370480,0.8071032
1496370540,0.78530127
1496370600,0.77498174
1496370660,0.8312307
1496370720,0.8184402
1496370780,0.8681486
1496370840,0.95637375
1496370900,0.9883499
1496370960,0.9649492
1496371020,0.98646045
1496371080,0.9534669
1496371140,0.9047759
1496371200,0.8886425
1496371260,0.9028864
1496371320,0.8755613
1496371380,0.9293394
1496371440,0.9366067
1496371500,0.9428566
1496371560,0.9893673
1496371620,1.0069543
1496371680,0.96582127
1496371740,0.96960026
1496371800,0.9879139
1496371860,0.9028864
1496371920,0.9044852
1496371980,0.9164036
1496372040,0.8762879
1496372100,0.8216378
1496372160,0.8568115
1496372220,0.8412595
1496372280,0.8592825
1496372340,0.8848634
1496372400,0.95462966
1496372460,0.9569552
1496372520,0.9597168
1496372580,0.9775944
1496372640,0.9977975
1496372700,0.977449
1496372760,1.0130588
1496372820,1.0482326
1496372880,0.9957626
1496372940,0.98064667
1496373000,0.98646045
1496373060,0.99837893
1496373120,0.9537576
1496373180,0.96320516
1496373240,0.9460543
1496373300,0.9052119
1496373360,0.8742532
1496373420,0.9172757
1496373480,0.9213454
1496373540,0.90506667
1496373600,0.8986713
1496373660,0.8786135
1496373720,0.8874797
1496373780,0.87599736
1496373840,0.9031771
1496373900,0.90085155
1496373960,0.88849705
1496374020,0.85317796
1496374080,0.8889332
1496374140,0.8858809
1496374200,0.93965894
1496374260,0.98544306
1496374320,1.0060822
1496374380,1.0028845
1496374440,1.071052
1496374500,1.0969237
1496374560,1.0992491
1496374620,1.1053537
1496374680,1.0877668
1496374740,1.0556453
1496374800,0.9848617
1496374860,0.9491065
1496374920,0.95404816
1496374980,1.0158204
1496375040,0.9988149
1496375100,1.0435816
1496375160,1.1143652
1496375220,1.120179
1496375280,1.085732
1496375340,1.1139292
1496375400,1.1278824
1496375460,1.097941
1496375520,1.0895109
1496375580,1.1194521
1496375640,1.0791913
1496375700,1.064366
1496375760,1.0280294
1496375820,1.0197448
1496375880,0.99445456
1496375940,1.0107332
1496376000,1.0377678
1496376060,1.0816623
1496376120,1.0995399
1496376180,1.1336962
1496376240,1.1956139
1496376300,1.1925614
1496376360,1.2149447
1496376420,1.2366014
1496376480,1.2336944
1496376540,1.2408164
1496376600,1.2220666
1496376660,1.1961951
1496376720,1.172213
1496376780,1.1431438
1496376840,1.1165453
1496376900,1.1453239
1496376960,1.176864
1496377020,1.1741024
1496377080,1.2101483
1496377140,1.2296249
1496377200,1.1975032
1496377260,1.210003
1496377320,1.2752634
1496377380,1.2838389
1496377440,1.2453221
1496377500,1.2687229
1496377560,1.2440139
1496377620,1.1982299
1496377680,1.1733757
1496377740,1.1822418
1496377800,1.1870383
1496377860,1.2014276
1496377920,1.2272992
1496377980,1.2518626
1496378040,1.332966
1496378100,1.404767
1496378160,1.458836
1496378220,1.4929923
1496378280,1.4802017
1496378340,1.4155226
1496378400,1.3207569
1496378460,1.2836937
1496378520,1.2409618
1496378580,1.2188691
1496378640,1.1781722
1496378700,1.2290434
1496378760,1.2428513
1496378820,1.2749728
1496378880,1.3184314
1496378940,1.3807849
1496379000,1.3733722
1496379060,1.3595643
1496379120,1.3536052
1496379180,1.3647966
1496379240,1.3209022
1496379300,1.3139256
1496379360,1.2944492
1496379420,1.223375
1496379480,1.1950325
1496379540,1.187765
1496379600,1.1777362
1496379660,1.1780268
1496379720,1.2043345
1496379780,1.2241015
1496379840,1.2607288
1496379900,1.2900888
1496379960,1.3309311
1496380020,1.3286055
1496380080,1.3072397
1496380140,1.2774438
1496380200,1.2758449
1496380260,1.2171249
1496380320,1.1903813
1496380380,1.1960497
1496380440,1.1725036
1496380500,1.1685793
1496380560,1.2036078
1496380620,1.2887806
1496380680,1.2890714
1496380740,1.3419775
1496380800,1.3621806
1496380860,1.3357273
1496380920,1.3033153
1496380980,1.2951759
1496381040,1.2195958
1496381100,1.1517192
1496381160,1.1275917
1496381220,1.1152372
1496381280,1.100848
1496381340,1.14576
1496381400,1.157533
1496381460,1.1373299
1496381520,1.1015747
1496381580,1.0809355
1496381640,1.1070979
1496381700,1.1169814
1496381760,1.1329694
1496381820,1.1610214
1496381880,1.1773001
1496381940,1.1421262
1496382000,1.1027374
1496382060,1.1241034
1496382120,1.0579709
1496382180,1.0342793
1496382240,1.0257039
1496382300,1.0434362
1496382360,1.0445989
1496382420,1.0711973
1496382480,1.074395
1496382540,1.1034642
1496382600,1.1291906
1496382660,1.0998305
1496382720,1.1326786
1496382780,1.0835518
1496382840,1.0361689
1496382900,0.9549203
1496382960,0.93747884
1496383020,0.8658231
1496383080,0.8733811
1496383140,0.8344283
1496383200,0.872073
1496383260,0.89954334
1496383320,0.9063747
1496383380,0.93035674
1496383440,1.0177099
1496383500,0.9976521
1496383560,0.9980881
1496383620,1.0104425
1496383680,1.0142215
1496383740,0.94431
1496383800,0.9270139
1496383860,0.90259576
1496383920,0.8959098
1496383980,0.8613174
1496384040,0.8472188
1496384100,0.84750956
1496384160,0.80841136
1496384220,0.8450386
1496384280,0.8803577
1496384340,0.8557942
1496384400,0.8557942
1496384460,0.8097195
1496384520,0.74881935
1496384580,0.7098665
1496384640,0.7165525
1496384700,0.6831229
1496384760,0.7168432
1496384820,0.7071049
1496384880,0.6797798
1496384940,0.63283306
1496385000,0.65739655
1496385060,0.6914076
1496385120,0.6774544
1496385180,0.68355894
1496385240,0.77570844
1496385300,0.78442925
1496385360,0.72832555
1496385420,0.707105
1496385480,0.7140816
1496385540,0.6495479
1496385600,0.63443184
1496385660,0.64998394
1496385720,0.6467863
1496385780,0.60696137
1496385840,0.5589971
1496385900,0.550131
1496385960,0.5325441
1496386020,0.5588518
1496386080,0.5283291
1496386140,0.56452036
1496386200,0.5136491
1496386260,0.49620757
1496386320,0.49388206
1496386380,0.5329802
1496386440,0.5310907
1496386500,0.5098702
1496386560,0.47513238
1496386620,0.42644134
1496386680,0.40914515
1496386740,0.33167562
1496386800,0.369175
1496386860,0.35216942
1496386920,0.3335651
1496386980,0.3167049
1496387040,0.40507546
1496387100,0.34257662
1496387160,0.35783795
1496387220,0.3472276
1496387280,0.3370534
1496387340,0.25871179
1496387400,0.23051465
1496387460,0.18473057
1496387520,0.11801662
1496387580,0.08255211
1496387640,-0.0036381881
1496387700,0.0008675158
1496387760,0.02921004
1496387820,0.0747034
1496387880,0.04345399
1496387940,0.08763924
1496388000,0.08938339
1496388060,0.027175188
1496388120,0.03705874
1496388180,0.028337965
1496388240,-0.012068282
1496388300,-0.063666224
1496388360,-0.04215498
1496388420,-0.09084598
1496388480,-0.0877937
1496388540,-0.071369536
1496388600,-0.044480503
1496388660,-0.07180559
1496388720,-0.0818345
1496388780,-0.08663093
1496388840,-0.029655188
1496388900,-0.023695996
1496388960,-0.030963311
1496389020,-0.019480944
1496389080,-0.026312232
1496389140,-0.0545094
1496389200,-0.10843287
1496389260,-0.11061304
1496389320,-0.10232829
1496389380,-0.09157267
1496389440,-0.13793813
1496389500,-0.105671294
1496389560,-0.07078818
1496389620,-0.06395691
1496389680,-0.0927355
1496389740,-0.049422283
1496389800,-0.037358552
1496389860,-0.110031694
1496389920,-0.11192116
1496389980,-0.1443334
1496390040,-0.23895378
1496390100,-0.27834263
1496390160,-0.30043527
1496390220,-0.34651005
1496390280,-0.32935917
1496390340,-0.2909878
1496390400,-0.31540594
1496390460,-0.26002902
1496390520,-0.24912806
1496390580,-0.24389559
1496390640,-0.1870652
1496390700,-0.17238522
1496390760,-0.18604778
1496390820,-0.16628069
1496390880,-0.17209457
1496390940,-0.22732611
1496391000,-0.24520369
1496391060,-0.2556686
1496391120,-0.32238254
1496391180,-0.31366178
1496391240,-0.36307952
1496391300,-0.39578244
1496391360,-0.39447427
1496391420,-0.37078285
1496391480,-0.41162515
1496391540,-0.4049392
1496391600,-0.35552153
1496391660,-0.4124972
1496391720,-0.4431653
1496391780,-0.40610203
1496391840,-0.41903782
1496391900,-0.44897914
1496391960,-0.44505486
1496392020,-0.4582813
1496392080,-0.48982146
1496392140,-0.49505392
1496392200,-0.49258304
1496392260,-0.4616243
1496392320,-0.48487964
1496392380,-0.4735427
1496392440,-0.41758433
1496392500,-0.41118917
1496392560,-0.45145002
1496392620,-0.41482273
1496392680,-0.44636288
1496392740,-0.4889494
1496392800,-0.54708785
1496392860,-0.5562447
1496392920,-0.5832791
1496392980,-0.59621483
1496393040,-0.59621483
1496393100,-0.5742676
1496393160,-0.5441809
1496393220,-0.53037304
1496393280,-0.53240794
1496393340,-0.53676826
1496393400,-0.52543133
1496393460,-0.5590063
1496393520,-0.5632213
1496393580,-0.5892383
1496393640,-0.6265922
1496393700,-0.65057445
1496393760,-0.6414176
1496393820,-0.6664171
1496393880,-0.6465047
1496393940,-0.64228964
1496394000,-0.6582777
1496394060,-0.68153316
1496394120,-0.6696148
1496394180,-0.6816785
1496394240,-0.63429564
1496394300,-0.6215052
1496394360,-0.5809536
1496394420,-0.5683084
1496394480,-0.5749944
1496394540,-0.62106913
1496394600,-0.64054555
1496394660,-0.6598766
1496394720,-0.72135806
1496394780,-0.7074048
1496394840,-0.7286253
1496394900,-0.7232475
1496394960,-0.73836356
1496395020,-0.7207766
1496395080,-0.7344392
1496395140,-0.7074048
1496395200,-0.69882935
1496395260,-0.7108931
1496395320,-0.6844401
1496395380,-0.71263725
1496395440,-0.7475204
1496395500,-0.7726652
1496395560,-0.780514
1496395620,-0.8357456
1496395680,-0.8181586
1496395740,-0.80696696
1496395800,-0.78095
1496395860,-0.78240347
1496395920,-0.73269504
1496395980,-0.7303695
1496396040,-0.67106825
1496396100,-0.67600995
1496396160,-0.6524639
1496396220,-0.63792926
1496396280,-0.62121445
1496396340,-0.67586464
1496396400,-0.6847308
1496396460,-0.6941783
1496396520,-0.7276079
1496396580,-0.7463576
1496396640,-0.758276
1496396700,-0.75042725
1496396760,-0.7216487
1496396820,-0.70885825
1496396880,-0.67150426
1496396940,-0.6401095
1496397000,-0.6087147
1496397060,-0.6244121
1496397120,-0.6456327
1496397180,-0.6809518
1496397240,-0.71205586
1496397300,-0.78254884
1496397360,-0.77615356
1496397420,-0.7739734
1496397480,-0.77891517
1496397540,-0.754497
1496397600,-0.7122013
1496397660,-0.7042072
1496397720,-0.67324847
1496397780,-0.6531907
1496397840,-0.6217959
1496397900,-0.6181622
1496397960,-0.6388014
1496398020,-0.6404002
1496398080,-0.66903335
1496398140,-0.7139453
1496398200,-0.7377822
1496398260,-0.7581306
1496398320,-0.81423426
1496398380,-0.7901068
1496398440,-0.8196121
1496398500,-0.83676296
1496398560,-0.80376935
1496398620,-0.7822581
1496398680,-0.8114727
1496398740,-0.7592935
1496398800,-0.7215033
1496398860,-0.7498459
1496398920,-0.7219394
1496398980,-0.7350206
1496399040,-0.758276
1496399100,-0.7899615
1496399160,-0.81699586
1496399220,-0.85129756
1496399280,-0.8235366
1496399340,-0.8406873
1496399400,-0.85609406
1496399460,-0.8377804
1496399520,-0.8398153
1496399580,-0.8399606
1496399640,-0.79156035
1496399700,-0.7680142
1496399760,-0.7331311
1496399820,-0.6853122
1496399880,-0.66176605
1496399940,-0.6842947
1496400000,-0.65130115
1496400060,-0.64199895
1496400120,-0.68371326
1496400180,-0.69199806
1496400240,-0.73632866
1496400300,-0.7483924
1496400360,-0.7547877
1496400420,-0.7403984
1496400480,-0.7443227
1496400540,-0.71830577
1496400600,-0.6783355
1496400660,-0.7075501
1496400720,-0.70784086
1496400780,-0.72673583
1496400840,-0.7090036
1496400900,-0.7649619
1496400960,-0.7715025
1496401020,-0.7857464
1496401080,-0.7601655
1496401140,-0.781822
1496401200,-0.7620549
1496401260,-0.7350206
1496401320,-0.72106737
1496401380,-0.72877073
1496401440,-0.63226074
1496401500,-0.6167087
1496401560,-0.61045885
1496401620,-0.60319155
1496401680,-0.5959242
1496401740,-0.65013844
1496401800,-0.7085676
1496401860,-0.73284036
1496401920,-0.7685955
1496401980,-0.7829848
1496402040,-0.787636
1496402100,-0.76917696
1496402160,-0.7376368
1496402220,-0.7129279
1496402280,-0.7191779
1496402340,-0.7273173
1496402400,-0.6829867
1496402460,-0.68850976
1496402520,-0.66438234
1496402580,-0.634877
1496402640,-0.6466501
1496402700,-0.6930155
1496402760,-0.6951957
1496402820,-0.7047885
1496402880,-0.6895272
1496402940,-0.702463
1496403000,-0.69330615
1496403060,-0.7107477
1496403120,-0.7345845
1496403180,-0.7608922
1496403240,-0.6963585
1496403300,-0.6802251
1496403360,-0.6478128
1496403420,-0.58356977
1496403480,-0.5927266
1496403540,-0.6438885
1496403600,-0.6768821
1496403660,-0.7074048
1496403720,-0.7917056
1496403780,-0.7969381
1496403840,-0.8068216
1496403900,-0.82368183
1496403960,-0.7850197
1496404020,-0.78531045
1496404080,-0.7819674
1496404140,-0.78632784
1496404200,-0.74650294
1496404260,-0.79563
1496404320,-0.74170655
1496404380,-0.7590027
1496404440,-0.7864731
1496404500,-0.82615274
1496404560,-0.8624892
1496404620,-0.931238
1496404680,-0.91350573
1496404740,-0.9267323
1496404800,-0.9188836
1496404860,-0.88879687
1496404920,-0.87179136
1496404980,-0.8919945
1496405040,-0.81249017
1496405100,-0.8136528
1496405160,-0.79301375
1496405220,-0.728044
1496405280,-0.70638734
1496405340,-0.7313869
1496405400,-0.7132187
1496405460,-0.72949743
1496405520,-0.8068216
1496405580,-0.83342
1496405640,-0.85086155
1496405700,-0.9007153
1496405760,-0.9078372
1496405820,-0.8928666
1496405880,-0.9183021
1496405940,-0.9082733
1496406000,-0.8867621
1496406060,-0.9105988
1496406120,-0.920337
1496406180,-0.92251724
1496406240,-0.98734164
1496406300,-0.991266
1496406360,-0.9818185
1496406420,-0.9951904
1496406480,-1.0116144
1496406540,-1.0056553
1496406600,-1.0133587
1496406660,-1.0136493
1496406720,-0.99664384
1496406780,-0.9937369
1496406840,-0.9222266
1496406900,-0.91554064
1496406960,-0.9411216
1496407020,-0.9306566
1496407080,-0.92019176
1496407140,-0.97673136
1496407200,-0.9982427
1496407260,-0.9998415
1496407320,-1.0543464
1496407380,-1.0946072
1496407440,-1.1524551
1496407500,-1.1947508
1496407560,-1.1966403
1496407620,-1.1839951
1496407680,-1.172222
1496407740,-1.1438795
1496407800,-1.114665
1496407860,-1.1447517
1496407920,-1.1636467
1496407980,-1.1921345
1496408040,-1.2476568
1496408100,-1.294749
1496408160,-1.3321029
1496408220,-1.377015
1496408280,-1.3595734
1496408340,-1.3504167
1496408400,-1.3305041
1496408460,-1.3114638
1496408520,-1.3100104
1496408580,-1.3478004
1496408640,-1.3326844
1496408700,-1.3315216
1496408760,-1.2982373
1496408820,-1.2796329
1496408880,-1.2646624
1496408940,-1.2353023
1496409000,-1.2967838
1496409060,-1.3171324
1496409120,-1.3527422
1496409180,-1.3585562
1496409240,-1.4118981
1496409300,-1.3537596
1496409360,-1.3491086
1496409420,-1.3291961
1496409480,-1.3075395
1496409540,-1.2784703
1496409600,-1.2669879
1496409660,-1.2982373
1496409720,-1.291406
1496409780,-1.3111731
1496409840,-1.3488178
1496409900,-1.3713465
1496409960,-1.3714918
1496410020,-1.3757068
1496410080,-1.3573933
1496410140,-1.3799219
1496410200,-1.3998343
1496410260,-1.4178573
1496410320,-1.4155318
1496410380,-1.458409
1496410440,-1.3851544
1496410500,-1.3806486
1496410560,-1.3539051
1496410620,-1.352306
1496410680,-1.3457656
1496410740,-1.374108
1496410800,-1.3809394
1496410860,-1.3848637
1496410920,-1.3975087
1496410980,-1.3948926
1496411040,-1.4036134
1496411100,-1.4171305
1496411160,-1.4194561
1496411220,-1.411026
1496411280,-1.4062296
1496411340,-1.405212
1496411400,-1.3714919
1496411460,-1.3541956
1496411520,-1.3315216
1496411580,-1.3344284
1496411640,-1.3693117
1496411700,-1.385445
1496411760,-1.4382057
1496411820,-1.472217
1496411880,-1.4722167
1496411940,-1.4586997
1496412000,-1.4467812
1496412060,-1.4071016
1496412120,-1.4271594
1496412180,-1.4071016
1496412240,-1.3515793
1496412300,-1.3540503
1496412360,-1.3514341
1496412420,-1.3197485
1496412480,-1.306086
1496412540,-1.3267251
1496412600,-1.3491086
1496412660,-1.3626257
1496412720,-1.3964914
1496412780,-1.4165492
1496412840,-1.4384966
1496412900,-1.4249792
1496412960,-1.4031773
1496413020,-1.3655325
1496413080,-1.383701
1496413140,-1.3909683
1496413200,-1.3354459
1496413260,-1.3573933
1496413320,-1.3351551
1496413380,-1.3428587
1496413440,-1.3693117
1496413500,-1.4303571
1496413560,-1.4485254
1496413620,-1.5249773
1496413680,-1.543727
1496413740,-1.5211986
1496413800,-1.5310822
1496413860,-1.5132045
1496413920,-1.5056463
1496413980,-1.4886409
1496414040,-1.4480895
1496414100,-1.4130608
1496414160,-1.3867531
1496414220,-1.3418412
1496414280,-1.3411145
1496414340,-1.3460563
1496414400,-1.3899508
1496414460,-1.4004158
1496414520,-1.4560833
1496414580,-1.4499788
1496414640,-1.5015768
1496414700,-1.4866061
1496414760,-1.489077
1496414820,-1.4627692
1496414880,-1.4380604
1496414940,-1.4267235
1496415000,-1.3980902
1496415060,-1.4345721
1496415120,-1.3918403
1496415180,-1.4200374
1496415240,-1.4459091
1496415300,-1.4726529
1496415360,-1.4964896
1496415420,-1.5300646
1496415480,-1.5177102
1496415540,-1.5252682
1496415600,-1.5185822
1496415660,-1.4784666
1496415720,-1.4805015
1496415780,-1.4738156
1496415840,-1.3909683
1496415900,-1.3841368
1496415960,-1.3557944
1496416020,-1.313644
1496416080,-1.3268706
1496416140,-1.3648058
1496416200,-1.365242
1496416260,-1.4088459
1496416320,-1.4735249
1496416380,-1.459281
1496416440,-1.4773039
1496416500,-1.4922746
1496416560,-1.4632053
1496416620,-1.4033226
1496416680,-1.4140784
1496416740,-1.3781778
1496416800,-1.3180045
1496416860,-1.308993
1496416920,-1.2911154
1496416980,-1.2764354
1496417040,-1.3129172
1496417100,-1.3645153
1496417160,-1.3754162
1496417220,-1.403904
1496417280,-1.4043401
1496417340,-1.388352
1496417400,-1.3568119
1496417460,-1.3659686
1496417520,-1.3662592
1496417580,-1.3390797
1496417640,-1.2717843
1496417700,-1.2524533
1496417760,-1.2412616
1496417820,-1.2254188
1496417880,-1.2369013
1496417940,-1.2482382
1496418000,-1.2697495
1496418060,-1.2440232
1496418120,-1.2264363
1496418180,-1.264517
1496418240,-1.286755
1496418300,-1.2884992
1496418360,-1.2815225
1496418420,-1.3040513
1496418480,-1.2744006
1496418540,-1.2694588
1496418600,-1.2502731
1496418660,-1.2698947
1496418720,-1.2142271
1496418780,-1.2105936
1496418840,-1.2219305
1496418900,-1.2306514
1496418960,-1.2373372
1496419020,-1.2858828
1496419080,-1.2627729
1496419140,-1.2630635
1495814400,-1.2959118
1495814460,-1.3076849
1495814520,-1.3167326
1495814580,-1.3009262
1495814640,-1.2496916
1495814700,-1.2694225
1495814760,-1.2279987
1495814820,-1.1809065
1495814880,-1.174584
1495814940,-1.1875561
1495815000,-1.1899543
1495815060,-1.1955138
1495815120,-1.2290888
1495815180,-1.2375916
1495815240,-1.2698585
1495815300,-1.2421701
1495815360,-1.2455493
1495815420,-1.232141
1495815480,-1.1982391
1495815540,-1.1745839
1495815600,-1.1825417
1495815660,-1.1622659
1495815720,-1.1109223
1495815780,-1.1362126
1495815840,-1.1428622
1495815900,-1.1166999
1495815960,-1.1347954
1495816020,-1.1712047
1495816080,-1.1513649
1495816140,-1.1342504
1495816200,-1.141554
1495816260,-1.1430802
1495816320,-1.1680434
1495816380,-1.1698966
1495816440,-1.106889
1495816500,-1.1071069
1495816560,-1.074077
1495816620,-1.027203
1495816680,-1.0339615
1495816740,-1.0689536
1495816800,-1.0694987
1495816860,-1.0757122
1495816920,-1.0982771
1495816980,-1.1044908
1495817040,-1.1261837
1495817100,-1.1260747
1495817160,-1.1120124
1495817220,-1.0681905
1495817280,-1.051839
1495817340,-1.0448625
1495817400,-1.0167379
1495817460,-1.0127046
1495817520,-1.017719
1495817580,-1.0022397
1495817640,-1.0031118
1495817700,-1.0297102
1495817760,-1.0531471
1495817820,-1.0872673
1495817880,-1.0917367
1495817940,-1.0882483
1495818000,-1.0644842
1495818060,-1.0313452
1495818120,-1.0040928
1495818180,-0.9846891
1495818240,-0.9576548
1495818300,-0.93770593
1495818360,-0.9437014
1495818420,-0.9356348
1495818480,-0.96016186
1495818540,-0.9558016
1495818600,-0.9765601
1495818660,-0.9892136
1495818720,-1.0117954
1495818780,-0.9877043
1495818840,-1.0231324
1495818900,-1.0349677
1495818960,-1.0286367
1495819020,-1.0208803
1495819080,-1.0427912
1495819140,-1.017174
1495819200,-0.9701909
1495819260,-0.9550384
1495819320,-0.90325886
1495819380,-0.85725677
1495819440,-0.8532234
1495819500,-0.86150813
1495819560,-0.8816749
1495819620,-0.9567826
1495819680,-0.9832721
1495819740,-1.0052919
1495819800,-1.0203352
1495819860,-1.01652
1495819920,-1.0015856
1495819980,-1.0076902
1495820040,-0.9550384
1495820100,-0.94675374
1495820160,-0.9353078
1495820220,-0.893993
1495820280,-0.9052211
1495820340,-0.89235795
1495820400,-0.9105625
1495820460,-0.90827334
1495820520,-0.92803526
1495820580,-0.891953
1495820640,-0.93283165
1495820700,-0.9080864
1495820760,-0.89685845
1495820820,-0.8755704
1495820880,-0.8879975
1495820940,-0.8777506
1495821000,-0.8559486
1495821060,-0.84929913
1495821120,-0.8306585
1495821180,-0.82608
1495821240,-0.8443937
1495821300,-0.88581735
1495821360,-0.90064263
1495821420,-0.9235191
1495821480,-0.922647
1495821540,-0.91305417
1495821600,-0.9011721
1495821660,-0.889508
1495821720,-0.8994435
1495821780,-0.92887616
1495821840,-0.88734347
1495821900,-0.8645604
1495821960,-0.8647784
1495822020,-0.83120346
1495822080,-0.79751945
1495822140,-0.79065186
1495822200,-0.82270074
1495822260,-0.81060064
1495822320,-0.85616666
1495822380,-0.87033796
1495822440,-0.9204824
1495822500,-0.92059135
1495822560,-0.89584625
1495822620,-0.8612901
1495822680,-0.85758376
1495822740,-0.837744
1495822800,-0.8173592
1495822860,-0.8473369
1495822920,-0.81921244
1495822980,-0.83599985
1495823040,-0.87448025
1495823100,-0.87131906
1495823160,-0.8853813
1495823220,-0.94860685
1495823280,-0.93334556
1495823340,-0.9095814
1495823400,-0.92582387
1495823460,-0.93018425
1495823520,-0.9114346
1495823580,-0.8946471
1495823640,-0.84188634
1495823700,-0.8147429
1495823760,-0.79195994
1495823820,-0.74901015
1495823880,-0.73756415
1495823940,-0.7345119
1495824000,-0.75358856
1495824060,-0.7631814
1495824120,-0.77440935
1495824180,-0.802861
1495824240,-0.8473369
1495824300,-0.8195394
1495824360,-0.781277
1495824420,-0.7899978
1495824480,-0.77604455
1495824540,-0.74944615
1495824600,-0.76154625
1495824660,-0.7848743
1495824720,-0.7257911
1495824780,-0.7093307
1495824840,-0.71456313
1495824900,-0.72023153
1495824960,-0.7318956
1495825020,-0.79610234
1495825080,-0.7993726
1495825140,-0.8222646
1495825200,-0.82171965
1495825260,-0.8163782
1495825320,-0.8056952
1495825380,-0.82073855
1495825440,-0.77942383
1495825500,-0.7613282
1495825560,-0.7197956
1495825620,-0.70856756
1495825680,-0.68698364
1495825740,-0.6838224
1495825800,-0.6809881
1495825860,-0.72262985
1495825920,-0.74072546
1495825980,-0.7604562
1495826040,-0.758494
1495826100,-0.7629634
1495826160,-0.7066054
1495826220,-0.6935242
1495826280,-0.6765187
1495826340,-0.6539537
1495826400,-0.6437068
1495826460,-0.66038525
1495826520,-0.63204277
1495826580,-0.62800944
1495826640,-0.64686805
1495826700,-0.63335085
1495826760,-0.66496366
1495826820,-0.6971744
1495826880,-0.7032755
1495826940,-0.726108
1495827000,-0.73285985
1495827060,-0.72854555
1495827120,-0.7243402
1495827180,-0.71708256
1495827240,-0.6664392
1495827300,-0.68065643
1495827360,-0.6456014
1495827420,-0.6101103
1495827480,-0.60317975
1495827540,-0.61543494
1495827600,-0.59084475
1495827660,-0.6005927
1495827720,-0.59933066
1495827780,-0.60122985
1495827840,-0.6395383
1495827900,-0.6418736
1495827960,-0.64072055
1495828020,-0.6691091
1495828080,-0.6445191
1495828140,-0.6404227
1495828200,-0.62869567
1495828260,-0.6481455
1495828320,-0.6172328
1495828380,-0.6498727
1495828440,-0.64871967
1495828500,-0.6784164
1495828560,-0.69274276
1495828620,-0.7210223
1495828680,-0.6921808
1495828740,-0.69996655
1495828800,-0.70906043
1495828860,-0.66506654
1495828920,-0.6796109
1495828980,-0.6860885
1495829040,-0.63097566
1495829100,-0.6188127
1495829160,-0.6137353
1495829220,-0.5695234
1495829280,-0.56706226
1495829340,-0.57953537
1495829400,-0.54764163
1495829460,-0.55422825
1495829520,-0.5780384
1495829580,-0.56849164
1495829640,-0.5773674
1495829700,-0.6170931
1495829760,-0.60711026
1495829820,-0.6302664
1495829880,-0.64437467
1495829940,-0.6401694
1495830000,-0.59911877
1495830060,-0.6038522
1495830120,-0.54176277
1495830180,-0.532979
1495830240,-0.54643327
1495830300,-0.5753669
1495830360,-0.56276786
1495830420,-0.6162287
1495830480,-0.6132225
1495830540,-0.62427855
1495830600,-0.617893
1495830660,-0.628731
1495830720,-0.594439
1495830780,-0.5739913
1495830840,-0.50121886
1495830900,-0.4447979
1495830960,-0.41857263
1495831020,-0.39692575
1495831080,-0.38650686
1495831140,-0.40595663
1495831200,-0.42486137
1495831260,-0.42196417
1495831320,-0.43367428
1495831380,-0.4276158
1495831440,-0.4391079
1495831500,-0.44678462
1495831560,-0.41816115
1495831620,-0.40774226
1495831680,-0.40942347
1495831740,-0.370335
1495831800,-0.34116653
1495831860,-0.3449189
1495831920,-0.3028872
1495831980,-0.288217
1495832040,-0.32325512
1495832100,-0.33387518
1495832160,-0.35670424
1495832220,-0.4222651
1495832280,-0.46013752
1495832340,-0.4893982
1495832400,-0.56008255
1495832460,-0.58378375
1495832520,-0.57630813
1495832580,-0.5427792
1495832640,-0.48385102
1495832700,-0.42503178
1495832760,-0.40305793
1495832820,-0.3687659
1495832880,-0.3700111
1495832940,-0.36206096
1495833000,-0.3404141
1495833060,-0.35474044
1495833120,-0.38585427
1495833180,-0.3909148
1495833240,-0.42152202
1495833300,-0.42440236
1495833360,-0.39785004
1495833420,-0.3843789
1495833480,-0.3771213
1495833540,-0.36702946
1495833600,-0.34603664
1495833660,-0.34074122
1495833720,-0.29358608
1495833780,-0.27088028
1495833840,-0.2760498
1495833900,-0.28721482
1495833960,-0.29238433
1495834020,-0.3187017
1495834080,-0.33757532
1495834140,-0.33337003
1495834200,-0.3245863
1495834260,-0.3071908
1495834320,-0.31704774
1495834380,-0.27741426
1495834440,-0.22916901
1495834500,-0.21526182
1495834560,-0.19699427
1495834620,-0.18177898
1495834680,-0.21071261
1495834740,-0.22056955
1495834800,-0.2804619
1495834860,-0.3151731
1495834920,-0.3580599
1495834980,-0.38514045
1495835040,-0.45124632
1495835100,-0.42033362
1495835160,-0.4168914
1495835220,-0.38815892
1495835280,-0.354739
1495835340,-0.3047496
1495835400,-0.28768116
1495835460,-0.27682623
1495835520,-0.2498379
1495835580,-0.24214424
1495835640,-0.26878867
1495835700,-0.27221403
1495835760,-0.27716553
1495835820,-0.28593236
1495835880,-0.28030995
1495835940,-0.2599712
1495836000,-0.25674695
1495836060,-0.24185869
1495836120,-0.22141093
1495836180,-0.22668946
1495836240,-0.19639969
1495836300,-0.17595191
1495836360,-0.17359976
1495836420,-0.15118982
1495836480,-0.122130305
1495836540,-0.12656787
1495836600,-0.13021128
1495836660,-0.095265225
1495836720,-0.14185841
1495836780,-0.15226036
1495836840,-0.15917404
1495836900,-0.14908223
1495836960,-0.15381569
1495837020,-0.13456705
1495837080,-0.15641506
1495837140,-0.15569806
1495837200,-0.17264059
1495837260,-0.19263543
1495837320,-0.16194075
1495837380,-0.13418932
1495837440,-0.13281825
1495837500,-0.09950738
1495837560,-0.12887703
1495837620,-0.14124122
1495837680,-0.14804587
1495837740,-0.14983608
1495837800,-0.17931476
1495837860,-0.14851107
1495837920,-0.15738693
1495837980,-0.16135731
1495838040,-0.121396825
1495838100,-0.09560758
1495838160,-0.095544636
1495838220,-0.094391614
1495838280,-0.070891574
1495838340,-0.0840188
1495838400,-0.10564877
1495838460,-0.088580325
1495838520,-0.095135815
1495838580,-0.11981806
1495838640,-0.12814887
1495838700,-0.106720015
1495838760,-0.11984723
1495838820,-0.10902347
1495838880,-0.08268918
1495838940,-0.09832363
1495839000,-0.11123283
1495839060,-0.091112114
1495839120,-0.081238285
1495839180,-0.084990665
1495839240,-0.09691878
1495839300,-0.09576574
1495839360,-0.110637106
1495839420,-0.14218697
1495839480,-0.12697168
1495839540,-0.12854387
1495839600,-0.10449879
1495839660,-0.11947918
1495839720,-0.083988085
1495839780,-0.09853245
1495839840,-0.055083647
1495839900,-0.07649559
1495839960,-0.05419466
1495840020,-0.053695653
1495840080,-0.05755706
1495840140,-0.047029164
1495840200,-0.06484381
1495840260,-0.05834928
1495840320,-0.0421529
1495840380,-0.04830352
1495840440,-0.06829835
1495840500,-0.050466828
1495840560,-0.030128073
1495840620,-0.038349867
1495840680,-0.048424814
1495840740,-0.04084018
1495840800,-0.04600971
1495840860,-0.07832265
1495840920,-0.049154103
1495840980,-0.018459452
1495841040,-0.04172457
1495841100,0.0024873149
1495841160,0.020754892
1495841220,-0.041208655
1495841280,-0.06512786
1495841340,-0.04969456
1495841400,-0.08244351
1495841460,-0.07496791
1495841520,-0.06444003
1495841580,-0.06394105
1495841640,-0.05417623
1495841700,-0.038633928
1495841760,-0.06527834
1495841820,-0.047882855
1495841880,-0.059047915
1495841940,-0.05037319
1495842000,-0.061865263
1495842060,-0.022231808
1495842120,-0.024022007
1495842180,0.00972493
1495842240,0.006299559
1495842300,0.0066895597
1495842360,-0.0065466575
1495842420,0.015100192
1495842480,0.013200972
1495842540,0.008576516
1495842600,0.012018744
1495842660,0.014697932
1495842720,0.023154657
1495842780,0.038151924
1495842840,0.036579747
1495842900,0.052994147
1495842960,0.049568765
1495843020,0.01671078
1495843080,0.01699175
1495843140,0.007243827
1495843200,0.01068607
1495843260,0.024375252
1495843320,0.034794115
1495843380,0.055459887
1495843440,0.124416955
1495843500,0.147917
1495843560,0.16171518
1495843620,0.18870348
1495843680,0.18560514
1495843740,0.16462924
1495843800,0.13406046
1495843860,0.10676196
1495843920,0.047305647
1495843980,0.015210733
1495844040,-0.035415813
1495844100,-0.053339466
1495844160,-0.027441202
1495844220,0.010339089
1495844280,0.01607053
1495844340,0.054722913
1495844400,0.099806875
1495844460,0.082537286
1495844520,0.13917625
1495844580,0.18142597
1495844640,0.18955564
1495844700,0.16879775
1495844760,0.17758146
1495844820,0.13611172
1495844880,0.16996767
1495844940,0.17297386
1495845000,0.20890103
1495845060,0.2038405
1495845120,0.20542961
1495845180,0.17573291
1495845240,0.18833196
1495845300,0.18534265
1495845360,0.19641556
1495845420,0.20345514
1495845480,0.1901099
1495845540,0.19039084
1495845600,0.19121686
1495845660,0.22834311
1495845720,0.20344284
1495845780,0.1991454
1495845840,0.16399823
1495845900,0.15098001
1495845960,0.14657356
1495846020,0.18784219
1495846080,0.19117543
1495846140,0.21881783
1495846200,0.22018889
1495846260,0.18994713
1495846320,0.20941381
1495846380,0.21274704
1495846440,0.21095683
1495846500,0.2080765
1495846560,0.21936746
1495846620,0.16459852
1495846680,0.15288848
1495846740,0.15175231
1495846800,0.16009998
1495846860,0.14272135
1495846920,0.1639322
1495846980,0.1816547
1495847040,0.18749516
1495847100,0.18864821
1495847160,0.20691577
1495847220,0.21275626
1495847280,0.19287045
1495847340,0.18562973
1495847400,0.18035121
1495847460,0.16667894
1495847520,0.17709778
1495847580,0.18838876
1495847640,0.19161302
1495847700,0.22230767
1495847760,0.25703567
1495847820,0.24597967
1495847880,0.2589057
1495847940,0.2533002
1495848000,0.22393052
1495848060,0.16545525
1495848120,0.15352714
1495848180,0.122304335
1495848240,0.10536177
1495848300,0.0683614
1495848360,0.087828085
1495848420,0.087346
1495848480,0.09155131
1495848540,0.07548084
1495848600,0.109990835
1495848660,0.095664516
1495848720,0.101941004
1495848780,0.11432205
1495848840,0.15133929
1495848900,0.1678627
1495848960,0.19921145
1495849020,0.21137446
1495849080,0.18691021
1495849140,0.24016991
1495849200,0.21003714
1495849260,0.23233807
1495849320,0.21626759
1495849380,0.24358298
1495849440,0.19644472
1495849500,0.20359331
1495849560,0.19787875
1495849620,0.21603732
1495849680,0.2346319
1495849740,0.22782728
1495849800,0.22985236
1495849860,0.1995016
1495849920,0.21940432
1495849980,0.17139399
1495850040,0.18301196
1495850100,0.19201371
1495850160,0.20853713
1495850220,0.18963239
1495850280,0.22196221
1495850340,0.20403856
1495850400,0.20224833
1495850460,0.18050934
1495850520,0.17217854
1495850580,0.16233718
1495850640,0.20600402
1495850700,0.19919935
1495850760,0.24548241
1495850820,0.252631
1495850880,0.2779686
1495850940,0.27672344
1495851000,0.28943154
1495851060,0.26987275
1495851120,0.27952856
1495851180,0.25266612
1495851240,0.2128315
1495851300,0.20264754
1495851360,0.20510872
1495851420,0.14129196
1495851480,0.11726379
1495851540,0.06925345
1495851600,0.05699831
1495851660,0.016945679
1495851720,0.08699287
1495851780,0.08073324
1495851840,0.11360812
1495851900,0.13187568
1495851960,0.17946687
1495852020,0.15271343
1495852080,0.1858063
1495852140,0.18347104
1495852200,0.1714339
1495852260,0.1471877
1495852320,0.12337752
1495852380,0.129327
1495852440,0.18552995
1495852500,0.20216238
1495852560,0.22718853
1495852620,0.2676941
1495852680,0.28367242
1495852740,0.27577767
1495852800,0.2762767
1495852860,0.2706711
1495852920,0.280872
1495852980,0.2660006
1495853040,0.2317255
1495853100,0.23712991
1495853160,0.25321728
1495853220,0.2639632
1495853280,0.25944775
1495853340,0.28556398
1495853400,0.25663036
1495853460,0.22529852
1495853520,0.22743267
1495853580,0.22095501
1495853640,0.22025493
1495853700,0.26032442
1495853760,0.28055418
1495853820,0.2614314
1495853880,0.27969897
1495853940,0.27442044
1495854000,0.27077705
1495854060,0.248057
1495854120,0.25139025
1495854180,0.2619181
1495854240,0.33305535
1495854300,0.35004598
1495854360,0.41271162
1495854420,0.43435848
1495854480,0.4601477
1495854540,0.43001497
1495854600,0.4236152
1495854660,0.40576944
1495854720,0.41934955
1495854780,0.41090974
1495854840,0.36802292
1495854900,0.34312263
1495854960,0.33882526
1495855020,0.32569802
1495855080,0.33644387
1495855140,0.37215298
1495855200,0.4077531
1495855260,0.39517093
1495855320,0.42052412
1495855380,0.4108852
1495855440,0.37846327
1495855500,0.3718766
1495855560,0.37924322
1495855620,0.3516177
1495855680,0.32628143
1495855740,0.34411296
1495855800,0.34548402
1495855860,0.35666594
1495855920,0.3511694
1495855980,0.3657306
1495856040,0.3953352
1495856100,0.38438818
1495856160,0.3403022
1495856220,0.28978467
1495856280,0.21833728
1495856340,0.1553926
1495856400,0.10509307
1495856460,0.10668215
1495856520,0.09671624
1495856580,0.12479465
1495856640,0.108724155
1495856700,0.11707186
1495856760,0.13348624
1495856820,0.17017649
1495856880,0.16882227
1495856940,0.18403758
1495857000,0.19685468
1495857060,0.16912016
1495857120,0.19218414
1495857180,0.21557516
1495857240,0.22457688
1495857300,0.21559203
1495857360,0.24944802
1495857420,0.22105944
1495857480,0.19441497
1495857540,0.18575718
1495857600,0.20729502
1495857660,0.20332459
1495857720,0.21919397
1495857780,0.25969958
1495857840,0.30129516
1495857900,0.32425016
1495857960,0.32169688
1495858020,0.3183805
1495858080,0.3114668
1495858140,0.3356209
1495858200,0.30614227
1495858260,0.32266563
1495858320,0.3065952
1495858380,0.3338015
1495858440,0.27274123
1495858500,0.26855278
1495858560,0.24147233
1495858620,0.2698778
1495858680,0.25522444
1495858740,0.26484907
1495858800,0.2814815
1495858860,0.28721294
1495858920,0.2959967
1495858980,0.27534777
1495859040,0.2705053
1495859100,0.27231246
1495859160,0.28643763
1495859220,0.279633
1495859280,0.2896158
1495859340,0.31191668
1495859400,0.30870935
1495859460,0.30386686
1495859520,0.25978088
1495859580,0.2744511
1495859640,0.28639615
1495859700,0.28744018
1495859760,0.3006933
1495859820,0.36910534
1495859880,0.36142862
1495859940,0.34950045
1495860000,0.36079144
1495860060,0.36009133
1495860120,0.32614326
1495860180,0.34604597
1495860240,0.3332458
1495860300,0.31379598
1495860360,0.34634382
1495860420,0.33615988
1495860480,0.2903297
1495860540,0.30641708
1495860600,0.32588375
1495860660,0.28343293
1495860720,0.33865482
1495860780,0.38275763
1495860840,0.38576388
1495860900,0.3846277
1495860960,0.38512665
1495861020,0.30953687
1495861080,0.30196917
1495861140,0.26049942
1495861200,0.26132548
1495861260,0.25975323
1495861320,0.2897939
1495861380,0.2774297
1495861440,0.32611096
1495861500,0.28616738
1495861560,0.24905801
1495861620,0.2417083
1495861680,0.18225197
1495861740,0.14514263
1495861800,0.13354155
1495861860,0.14930189
1495861920,0.11175646
1495861980,0.18747213
1495862040,0.16813137
1495862100,0.2026414
1495862160,0.22058189
1495862220,0.25378385
1495862280,0.2348791
1495862340,0.2624125
1495862400,0.291145
1495862460,0.2927341
1495862520,0.30544212
1495862580,0.29918253
1495862640,0.31047347
1495862700,0.2684587
1495862760,0.25892875
1495862820,0.23893392
1495862880,0.24041402
1495862940,0.20363171
1495863000,0.2040217
1495863060,0.20757298
1495863120,0.1881231
1495863180,0.17532298
1495863240,0.27098736
1495863300,0.2984118
1495863360,0.28713772
1495863420,0.32666218
1495863480,0.33926123
1495863540,0.29582933
1495863600,0.26308036
1495863660,0.29006872
1495863720,0.27901268
1495863780,0.2566196
1495863840,0.20479396
1495863900,0.19886135
1495863960,0.17221694
1495864020,0.17424205
1495864080,0.20308357
1495864140,0.20707086
1495864200,0.21312937
1495864260,0.22714552
1495864320,0.24301493
1495864380,0.21691549
1495864440,0.24695614
1495864500,0.25377768
1495864560,0.26408756
1495864620,0.23591703
1495864680,0.26639366
1495864740,0.23113745
1495864800,0.23992115
1495864860,0.22701195
1495864920,0.22140639
1495864980,0.1778655
1495865040,0.21466476
1495865100,0.22562864
1495865160,0.20857705
1495865220,0.20111832
1495865280,0.22014898
1495865340,0.18859908
1495865400,0.15541412
1495865460,0.1392346
1495865520,0.14758228
1495865580,0.14317584
1495865640,0.15228659
1495865700,0.13774225
1495865760,0.12570512
1495865820,0.09175705
1495865880,0.029030405
1495865940,-0.043071076
1495866000,-0.059468597
1495866060,-0.06801741
1495866120,-0.041247085
1495866180,-0.026685826
1495866240,-0.00097443163
1495866300,-0.023258492
1495866360,-0.011749536
1495866420,-0.05158414
1495866480,-0.038003996
1495866540,-0.058684006
1495866600,-0.016325325
1495866660,-0.01887858
1495866720,-0.018706635
1495866780,-0.018316627
1495866840,0.02317001
1495866900,0.013313055
1495866960,0.013266981
1495867020,0.02826427
1495867080,0.023857802
1495867140,0.013019785
1495867200,0.0008736551
1495867260,-0.009201288
1495867320,-0.019058213
1495867380,-0.0037339032
1495867440,-0.007050261
1495867500,-0.029879332
1495867560,-0.01804334
1495867620,-0.021141678
1495867680,-0.03285177
1495867740,-0.059496224
1495867800,-0.038394406
1495867860,-0.08302543
1495867920,-0.08721385
1495867980,-0.088786036
1495868040,-0.070845515
1495868100,-0.06892939
1495868160,-0.020139113
1495868220,-0.041769102
1495868280,-0.0693946
1495868340,-0.10519585
1495868400,-0.12922403
1495868460,-0.1891164
1495868520,-0.1817498
1495868580,-0.19814733
1495868640,-0.148812
1495868700,-0.14787696
1495868760,-0.15511768
1495868820,-0.16006915
1495868880,-0.15117644
1495868940,-0.18610558
1495869000,-0.19530845
1495869060,-0.16995525
1495869120,-0.17566982
1495869180,-0.17299064
1495869240,-0.20105222
1495869300,-0.2105821
1495869360,-0.2109552
1495869420,-0.18592905
1495869480,-0.16166595
1495869540,-0.15310025
1495869600,-0.12785605
1495869660,-0.15199323
1495869720,-0.17329618
1495869780,-0.20942447
1495869840,-0.23356168
1495869900,-0.26173225
1495869960,-0.2719162
1495870020,-0.3130589
1495870080,-0.30296707
1495870140,-0.3342989
1495870200,-0.34568197
1495870260,-0.36524078
1495870320,-0.34839034
1495870380,-0.36598694
1495870440,-0.2972479
1495870500,-0.3010003
1495870560,-0.27204975
1495870620,-0.2731859
1495870680,-0.27715632
1495870740,-0.3169909
1495870800,-0.32913706
1495870860,-0.3411742
1495870920,-0.35124916
1495870980,-0.36481243
1495871040,-0.38120997
1495871100,-0.3827821
1495871160,-0.40506616
1495871220,-0.41830236
1495871280,-0.41213486
1495871340,-0.40018988
1495871400,-0.40165305
1495871460,-0.422956
1495871520,-0.40795872
1495871580,-0.43275
1495871640,-0.45481604
1495871700,-0.4816785
1495871760,-0.47561997
1495871820,-0.50967705
1495871880,-0.51037717
1495871940,-0.5211061
1495872000,-0.4868142
1495872060,-0.48086473
1495872120,-0.47600538
1495872180,-0.46743968
1495872240,-0.43145025
1495872300,-0.4442504
1495872360,-0.43465692
1495872420,-0.42402
1495872480,-0.45862213
1495872540,-0.4575314
1495872600,-0.4786163
1495872660,-0.48742986
1495872720,-0.4954337
1495872780,-0.46691918
1495872840,-0.5020196
1495872900,-0.5123126
1495872960,-0.5131217
1495873020,-0.51840025
1495873080,-0.51517606
1495873140,-0.50633
1495873200,-0.48479217
1495873260,-0.49715632
1495873320,-0.4884816
1495873380,-0.5046611
1495873440,-0.51517206
1495873500,-0.53429484
1495873560,-0.5603942
1495873620,-0.54550594
1495873680,-0.5577611
1495873740,-0.56685495
1495873800,-0.58325255
1495873860,-0.5691273
1495873920,-0.60601854
1495873980,-0.6243783
1495874040,-0.6007693
1495874100,-0.5787954
1495874160,-0.5986812
1495874220,-0.58782625
1495874280,-0.5784975
1495874340,-0.56807864
1495874400,-0.5955173
1495874460,-0.58945876
1495874520,-0.6235937
1495874580,-0.6304295
1495874640,-0.6886867
1495874700,-0.6842323
1495874760,-0.6722872
1495874820,-0.65023553
1495874880,-0.6643127
1495874940,-0.6493154
1495875000,-0.6404227
1495875060,-0.6799302
1495875120,-0.66798526
1495875180,-0.67271876
1495875240,-0.6969649
1495875300,-0.6919966
1495875360,-0.68997145
1495875420,-0.7219573
1495875480,-0.71524477
1495875540,-0.7131107
1495875600,-0.7146828
1495875660,-0.7062261
1495875720,-0.6937361
1495875780,-0.7002137
1495875840,-0.6767137
1495875900,-0.667821
1495875960,-0.6655778
1495876020,-0.6771789
1495876080,-0.67439073
1495876140,-0.6724746
1495876200,-0.7050055
1495876260,-0.7013453
1495876320,-0.71054816
1495876380,-0.71713483
1495876440,-0.7449783
1495876500,-0.7390289
1495876560,-0.73874784
1495876620,-0.7423913
1495876680,-0.7476698
1495876740,-0.73594284
1495876800,-0.7419844
1495876860,-0.77942073
1495876920,-0.75057924
1495876980,-0.75782
1495877040,-0.78784376
1495877100,-0.8228819
1495877160,-0.80701256
1495877220,-0.8277704
1495877280,-0.8356652
1495877340,-0.8054066
1495877400,-0.7602136
1495877460,-0.7412919
1495877520,-0.75681746
1495877580,-0.74389124
1495877640,-0.7330364
1495877700,-0.73591673
1495877760,-0.74359345
1495877820,-0.74658275
1495877880,-0.75088024
1495877940,-0.7441677
1495878000,-0.7618733
1495878060,-0.75973916
1495878120,-0.7560789
1495878180,-0.74794924
1495878240,-0.79574156
1495878300,-0.7957876
1495878360,-0.81251216
1495878420,-0.8057996
1495878480,-0.79985017
1495878540,-0.76675725
1495878600,-0.752632
1495878660,-0.7593277
1495878720,-0.7433493
1495878780,-0.7412152
1495878840,-0.7589208
1495878900,-0.7534074
1495878960,-0.7457137
1495879020,-0.7413994
1495879080,-0.737926
1495879140,-0.7369443
1495879200,-0.7488724
1495879260,-0.74074274
1495879320,-0.7582303
1495879380,-0.7617959
1495879440,-0.7155595
1495879500,-0.68813515
1495879560,-0.66027474
1495879620,-0.639827
1495879680,-0.6612389
1495879740,-0.6928978
1495879800,-0.73480356
1495879860,-0.75545245
1495879920,-0.79016364
1495879980,-0.7697159
1495880040,-0.77706563
1495880100,-0.75672686
1495880160,-0.7513224
1495880220,-0.7347989
1495880280,-0.73549914
1495880340,-0.7072026
1495880400,-0.6917693
1495880460,-0.7029344
1495880520,-0.6755099
1495880580,-0.65898657
1495880640,-0.696532
1495880700,-0.7221953
1495880760,-0.73194325
1495880820,-0.7567345
1495880880,-0.772805
1495880940,-0.75835276
1495881000,-0.73561585
1495881060,-0.7384961
1495881120,-0.74312055
1495881180,-0.73618996
1495881240,-0.7199936
1495881300,-0.71295404
1495881360,-0.6596944
1495881420,-0.66824317
1495881480,-0.68333256
1495881540,-0.6953697
1495881600,-0.7469773
1495881660,-0.7777642
1495881720,-0.75448215
1495881780,-0.74188304
1495881840,-0.75435627
1495881900,-0.7203913
1495881960,-0.7251247
1495882020,-0.7441385
1495882080,-0.7629342
1495882140,-0.76472443
1495882200,-0.7442767
1495882260,-0.7543516
1495882320,-0.72906077
1495882380,-0.70076424
1495882440,-0.7177068
1495882500,-0.77334785
1495882560,-0.8015184
1495882620,-0.82537526
1495882680,-0.85801524
1495882740,-0.85773426
1495882800,-0.82071704
1495882860,-0.7927476
1495882920,-0.7851629
1495882980,-0.77158284
1495883040,-0.7308593
1495883100,-0.72621787
1495883160,-0.72397476
1495883220,-0.73710203
1495883280,-0.7267921
1495883340,-0.74482477
1495883400,-0.77997196
1495883460,-0.75756204
1495883520,-0.77526766
1495883580,-0.79155624
1495883640,-0.8111149
1495883700,-0.7892501
1495883760,-0.7958367
1495883820,-0.7740809
1495883880,-0.7874261
1495883940,-0.7462665
1495884000,-0.7111025
1495884060,-0.71888816
1495884120,-0.6871034
1495884180,-0.66687363
1495884240,-0.69079286
1495884300,-0.74839604
1495884360,-0.76817286
1495884420,-0.80113983
1495884480,-0.80183995
1495884540,-0.8282664
1495884600,-0.81316006
1495884660,-0.8045944
1495884720,-0.81019986
1495884780,-0.8116631
1495884840,-0.7698494
1495884900,-0.77469194
1495884960,-0.74737656
1495885020,-0.7591957
1495885080,-0.77592015
1495885140,-0.7910096
1495885200,-0.7990134
1495885260,-0.84953094
1495885320,-0.84445345
1495885380,-0.8321815
1495885440,-0.8465078
1495885500,-0.83761513
1495885560,-0.8014699
1495885620,-0.77916896
1495885680,-0.7951305
1495885740,-0.7986648
1495885800,-0.7736387
1495885860,-0.7984299
1495885920,-0.81668067
1495885980,-0.7952517
1495886040,-0.797478
1495886100,-0.8284828
1495886160,-0.8042197
1495886220,-0.79554504
1495886280,-0.79613614
1495886340,-0.79563713
1495886400,-0.7604731
1495886460,-0.7791598
1495886520,-0.7982825
1495886580,-0.7845934
1495886640,-0.7642546
1495886700,-0.79253423
1495886760,-0.8019551
1495886820,-0.78859293
1495886880,-0.8320249
1495886940,-0.8458062
1495887000,-0.86427486
1495887060,-0.8363054
1495887120,-0.8210901
1495887180,-0.7992253
1495887240,-0.7898965
1495887300,-0.7851461
1495887360,-0.76982176
1495887420,-0.7934295
1495887480,-0.8132063
1495887540,-0.8111812
1495887600,-0.8014164
1495887660,-0.8475736
1495887720,-0.82078767
1495887780,-0.8360951
1495887840,-0.87309545
1495887900,-0.9079156
1495887960,-0.92943656
1495888020,-0.9891108
1495888080,-0.9820714
1495888140,-0.97339666
1495888200,-0.9618254
1495888260,-0.9351641
1495888320,-0.93967956
1495888380,-0.9255544
1495888440,-0.9115381
1495888500,-0.8660804
1495888560,-0.8582778
1495888620,-0.83946514
1495888680,-0.85260797
1495888740,-0.8807474
1495888800,-0.9257989
1495888860,-0.9540473
1495888920,-0.95529246
1495888980,-0.95510495
1495889040,-0.95834345
1495889100,-0.9754106
1495889160,-0.9532498
1495889220,-0.96790314
1495889280,-0.98571783
1495889340,-0.9851098
1495889400,-0.9704396
1495889460,-1.0034065
1495889520,-0.9709677
1495889580,-0.9522641
1495889640,-0.95721555
1495889700,-0.96009594
1495889760,-0.960251
1495889820,-0.99398106
1495889880,-0.98792255
1495889940,-0.9742334
1495890000,-0.9588001
1495890060,-0.9536137
1495890120,-0.95802015
1495890180,-0.9721284
1495890240,-0.9500455
1495890300,-0.9715665
1495890360,-0.99494064
1495890420,-0.98321366
1495890480,-0.9708326
1495890540,-0.98014444
1495890600,-0.97931844
1495890660,-0.9307462
1495890720,-0.9302472
1495890780,-0.9334545
1495890840,-0.9448376
1495890900,-0.937689
1495890960,-0.9353368
1495891020,-0.9372361
1495891080,-0.9486192
1495891140,-0.95149946
1495891200,-0.93225086
1495891260,-0.955189
1495891320,-0.93692136
1495891380,-0.94121873
1495891440,-0.9463883
1495891500,-0.9890572
1495891560,-0.9882312
1495891620,-1.0089891
1495891680,-0.9984612
1495891740,-0.99698114
1495891800,-1.0101084
1495891860,-1.0153868
1495891920,-1.0257888
1495891980,-1.0467646
1495892040,-1.0245728
1495892100,-0.9911529
1495892160,-0.9877107
1495892220,-0.98993695
1495892280,-0.9774469
1495892340,-1.0019112
1495892400,-1.0376034
1495892460,-1.045389
1495892520,-1.0600425
1495892580,-1.0620506
1495892640,-1.0726707
1495892700,-1.0711906
1495892760,-1.0713457
1495892820,-1.0561304
1495892880,-1.0636982
1495892940,-1.0633861
1495893000,-1.0345445
1495893060,-1.0305572
1495893120,-1.0317245
1495893180,-1.0335926
1495893240,-1.058306
1495893300,-1.0848415
1495893360,-1.1067984
1495893420,-1.1319945
1495893480,-1.1333799
1495893540,-1.1396395
1495893600,-1.1392494
1495893660,-1.133409
1495893720,-1.1277866
1495893780,-1.1268516
1495893840,-1.0713027
1495893900,-1.074401
1495893960,-1.0822958
1495894020,-1.0772184
1495894080,-1.083914
1495894140,-1.0987854
1495894200,-1.1048269
1495894260,-1.0864503
1495894320,-1.1063362
1495894380,-1.1077994
1495894440,-1.1219077
1495894500,-1.1246791
1495894560,-1.1155683
1495894620,-1.0745177
1495894680,-1.0909152
1495894740,-1.1042604
1495894800,-1.0880641
1495894860,-1.0956318
1495894920,-1.1091951
1495894980,-1.1056437
1495895040,-1.1219323
1495895100,-1.141491
1495895160,-1.1754391
1495895220,-1.195325
1495895280,-1.1918827
1495895340,-1.1839712
1495895400,-1.1539304
1495895460,-1.1289043
1495895520,-1.1282964
1495895580,-1.1295415
1495895640,-1.0871828
1495895700,-1.0966036
1495895760,-1.1044984
1495895820,-1.0883021
1495895880,-1.0730867
1495895940,-1.1060537
1495896000,-1.1368406
1495896060,-1.1336163
1495896120,-1.1662562
1495896180,-1.1588897
1495896240,-1.1516321
1495896300,-1.1403412
1495896360,-1.114988
1495896420,-1.069468
1495896480,-1.0761635
1495896540,-1.0872197
1495896600,-1.0584872
1495896660,-1.0752118
1495896720,-1.0649018
1495896780,-1.0544829
1495896840,-1.0513678
1495896900,-1.0596986
1495896960,-1.0921204
1495897020,-1.1215992
1495897080,-1.1265507
1495897140,-1.119402
1495897200,-1.1238639
1495897260,-1.1017828
1495897320,-1.1035212
1495897380,-1.1212305
1495897440,-1.1104344
1495897500,-1.0968043
1495897560,-1.0877525
1495897620,-1.0787007
1495897680,-1.0638714
1495897740,-1.0770576
1495897800,-1.1033249
1495897860,-1.1138949
1495897920,-1.1304605
1495897980,-1.1236978
1495898040,-1.1231488
1495898100,-1.1009068
1495898160,-1.090983
1495898220,-1.069068
1495898280,-1.068737
1495898340,-1.0749466
1495898400,-1.0762508
1495898460,-1.0878018
1495898520,-1.0747167
1495898580,-1.0796182
1495898640,-1.0686042
1495898700,-1.0678371
1495898760,-1.0401447
1495898820,-1.0515869
1495898880,-1.0508196
1495898940,-1.0513608
1495899000,-1.018763
1495899060,-1.0286788
1495899120,-1.041756
1495899180,-1.0396808
1495899240,-1.0185289
1495899300,-1.0380378
1495899360,-1.0427212
1495899420,-1.0115404
1495899480,-1.0044508
1495899540,-1.0071721
1495899600,-1.0037888
1495899660,-0.98100185
1495899720,-1.0037808
1495899780,-0.9876435
1495899840,-0.99930346
1495899900,-0.99286795
1495899960,-0.9923189
1495900020,-0.95405257
1495900080,-0.95873594
1495900140,-0.9419446
1495900200,-0.93997836
1495900260,-0.936159
1495900320,-0.9381172
1495900380,-0.9568629
1495900440,-0.97092116
1495900500,-0.98269033
1495900560,-1.0044882
1495900620,-1.0329357
1495900680,-1.0048074
1495900740,-0.99324834
1495900800,-0.9767838
1495900860,-0.9495811
1495900920,-0.92592025
1495900980,-0.9273852
1495901040,-0.8641521
1495901100,-0.8613639
1495901160,-0.8458215
1495901220,-0.81534487
1495901280,-0.7934799
1495901340,-0.8417083
1495901400,-0.8399012
1495901460,-0.84626985
1495901520,-0.88098097
1495901580,-0.8872406
1495901640,-0.88510644
1495901700,-0.8709812
1495901760,-0.8505335
1495901820,-0.82038385
1495901880,-0.83220303
1495901940,-0.8270166
1495902000,-0.83992577
1495902060,-0.87507296
1495902120,-0.8598577
1495902180,-0.8461685
1495902240,-0.8453425
1495902300,-0.82903713
1495902360,-0.80749923
1495902420,-0.8218255
1495902480,-0.78786063
1495902540,-0.77308136
1495902600,-0.7756346
1495902660,-0.75627697
1495902720,-0.7631907
1495902780,-0.78503865
1495902840,-0.7644819
1495902900,-0.7260475
1495902960,-0.7356864
1495903020,-0.71534765
1495903080,-0.7337073
1495903140,-0.73865885
1495903200,-0.76541233
1495903260,-0.74387443
1495903320,-0.75482154
1495903380,-0.7275061
1495903440,-0.7310405
1495903500,-0.7115738
1495903560,-0.7299335
1495903620,-0.7063244
1495903680,-0.7063705
1495903740,-0.70532644
1495903800,-0.7138753
1495903860,-0.70814383
1495903920,-0.70121324
1495903980,-0.67738616
1495904040,-0.6892053
1495904100,-0.7039677
1495904160,-0.7139336
1495904220,-0.72182834
1495904280,-0.7245997
1495904340,-0.7231196
1495904400,-0.6854483
1495904460,-0.65518963
1495904520,-0.6516384
1495904580,-0.68111706
1495904640,-0.6638306
1495904700,-0.67292446
1495904760,-0.6876868
1495904820,-0.6898041
1495904880,-0.6605266
1495904940,-0.6507617
1495905000,-0.63521934
1495905060,-0.6398438
1495905120,-0.64588547
1495905180,-0.67492807
1495905240,-0.684131
1495905300,-0.706851
1495905360,-0.68335104
1495905420,-0.68143487
1495905480,-0.66949
1495905540,-0.65056825
1495905600,-0.6143141
1495905660,-0.635072
1495905720,-0.57189244
1495905780,-0.52996975
1495905840,-0.5457132
1495905900,-0.53638446
1495905960,-0.5295629
1495906020,-0.575284
1495906080,-0.59473383
1495906140,-0.5936898
1495906200,-0.62807393
1495906260,-0.61983514
1495906320,-0.6314363
1495906380,-0.6446725
1495906440,-0.592939
1495906500,-0.58023095
1495906560,-0.58779866
1495906620,-0.56549776
1495906680,-0.5687051
1495906740,-0.60832167
1495906800,-0.64597607
1495906860,-0.62389314
1495906920,-0.6486844
1495906980,-0.63815653
1495907040,-0.6510657
1495907100,-0.6120863
1495907160,-0.61540264
1495907220,-0.5802386
1495907280,-0.55532146
1495907340,-0.53836197
1495907400,-0.5367729
1495907460,-0.5113107
1495907520,-0.4831232
1495907580,-0.49984777
1495907640,-0.50992274
1495907700,-0.523813
1495907760,-0.5625575
1495907820,-0.6155823
1495907880,-0.6033102
1495907940,-0.5708715
1495908000,-0.55641925
1495908060,-0.5261606
1495908120,-0.5121443
1495908180,-0.5132805
1495908240,-0.47288394
1495908300,-0.4444785
1495908360,-0.44212633
1495908420,-0.42211464
1495908480,-0.41027865
1495908540,-0.43866724
1495908600,-0.47501355
1495908660,-0.47146225
1495908720,-0.46082538
1495908780,-0.45880026
1495908840,-0.478359
1495908900,-0.45802027
1495908960,-0.45108974
1495909020,-0.47849724
1495909080,-0.4696045
1495909140,-0.44795763
1495909200,-0.4461505
1495909260,-0.45600745
1495909320,-0.4035108
1495909380,-0.393637
1495909440,-0.4197364
1495909500,-0.4094265
1495909560,-0.40903658
1495909620,-0.4533406
1495909680,-0.47289932
1495909740,-0.4674949
1495909800,-0.44868225
1495909860,-0.4031623
1495909920,-0.40157324
1495909980,-0.40456253
1495910040,-0.35795245
1495910100,-0.3598517
1495910160,-0.3895484
1495910220,-0.3768403
1495910280,-0.37808546
1495910340,-0.39481005
1495910400,-0.4087159
1495910460,-0.4258765
1495910520,-0.42319727
1495910580,-0.4285848
1495910640,-0.4598077
1495910700,-0.46321744
1495910760,-0.45792204
1495910820,-0.46080232
1495910880,-0.4408996
1495910940,-0.41587344
1495911000,-0.41123205
1495911060,-0.39688888
1495911120,-0.37218973
1495911180,-0.38488093
1495911240,-0.40465775
1495911300,-0.41942012
1495911360,-0.43276533
1495911420,-0.46366113
1495911480,-0.44866386
1495911540,-0.43432066
1495911600,-0.40090075
1495911660,-0.35734293
1495911720,-0.34561592
1495911780,-0.3466431
1495911840,-0.3288116
1495911900,-0.3294027
1495911960,-0.34100378
1495912020,-0.3273146
1495912080,-0.3352093
1495912140,-0.31127328
1495912200,-0.32712576
1495912260,-0.3346935
1495912320,-0.3724569
1495912380,-0.3650903
1495912440,-0.39500502
1495912500,-0.3853492
1495912560,-0.38822955
1495912620,-0.3461978
1495912680,-0.3430826
1495912740,-0.3377872
1495912800,-0.33848733
1495912860,-0.34681815
1495912920,-0.3099099
1495912980,-0.3081028
1495913040,-0.33322108
1495913100,-0.34089783
1495913160,-0.35097277
1495913220,-0.3990921
1495913280,-0.39684898
1495913340,-0.39885724
1495913400,-0.3811347
1495913460,-0.3567626
1495913520,-0.36498436
1495913580,-0.3515132
1495913640,-0.2844093
1495913700,-0.27442646
1495913760,-0.28962487
1495913820,-0.27277443
1495913880,-0.26540786
1495913940,-0.27668187
1495914000,-0.3164075
1495914060,-0.3189608
1495914120,-0.31813473
1495914180,-0.34085482
1495914240,-0.36630017
1495914300,-0.3269937
1495914360,-0.30360267
1495914420,-0.2966721
1495914480,-0.2562756
1495914540,-0.22601694
1495914600,-0.23696397
1495914660,-0.23461184
1495914720,-0.22255783
1495914780,-0.25454372
1495914840,-0.29241616
1495914900,-0.301183
1495914960,-0.34123558
1495915020,-0.35752407
1495915080,-0.33816642
1495915140,-0.3431179
1495915200,-0.33030087
1495915260,-0.2794394
1495915320,-0.26585925
1495915380,-0.26579627
1495915440,-0.21504381
1495915500,-0.21596196
1495915560,-0.22647294
1495915620,-0.21801627
1495915680,-0.24803999
1495915740,-0.25506264
1495915800,-0.26971602
1495915860,-0.26463866
1495915920,-0.28517848
1495915980,-0.27465063
1495916040,-0.31012487
1495916100,-0.2974168
1495916160,-0.27282664
1495916220,-0.27341774
1495916280,-0.27782422
1495916340,-0.25290707
1495916400,-0.25665945
1495916460,-0.28363088
1495916520,-0.26819757
1495916580,-0.24720477
1495916640,-0.24986708
1495916700,-0.2474059
1495916760,-0.24832404
1495916820,-0.26341346
1495916880,-0.26324147
1495916940,-0.2751696
1495917000,-0.27183634
1495917060,-0.27242747
1495917120,-0.2513256
1495917180,-0.24090677
1495917240,-0.19222549
1495917300,-0.163602
1495917360,-0.12298743
1495917420,-0.12357854
1495917480,-0.139213
1495917540,-0.14209329
1495917600,-0.14889798
1495917660,-0.16049905
1495917720,-0.16479652
1495917780,-0.158302
1495917840,-0.18625453
1495917900,-0.20374213
1495917960,-0.19179714
1495918020,-0.19663961
1495918080,-0.19788477
1495918140,-0.18452263
1495918200,-0.16461992
1495918260,-0.19889504
1495918320,-0.18509686
1495918380,-0.163341
1495918440,-0.17287089
1495918500,-0.1793485
1495918560,-0.17568825
1495918620,-0.16723154
1495918680,-0.1852642
1495918740,-0.18018681
1495918800,-0.19505823
1495918860,-0.16774285
1495918920,-0.17967096
1495918980,-0.16794397
1495919040,-0.14673313
1495919100,-0.10263027
1495919160,-0.11662954
1495919220,-0.09890703
1495919280,-0.11214326
1495919340,-0.12145517
1495919400,-0.11670481
1495919460,-0.07728939
1495919520,-0.08780037
1495919580,-0.05045609
1495919640,-0.037857026
1495919700,-0.049022064
1495919760,-0.035550922
1495919820,-0.021643743
1495919880,-0.034552976
1495919940,-0.044845954
1495920000,-0.05590199
1495920060,-0.09279332
1495920120,-0.07289061
1495920180,-0.040342778
1495920240,-0.03635545
1495920300,-0.02517353
1495920360,-0.037973717
1495920420,-0.050773904
1495920480,-0.04972987
1495920540,-0.066454425
1495920600,-0.06671852
1495920660,-0.040057182
1495920720,-0.04795195
1495920780,-0.0671837
1495920840,-0.008691534
1495920900,0.02374728
1495920960,0.01585251
1495921020,0.034447104
1495921080,0.043012798
1495921140,-0.0037984103
1495921200,-0.0062426776
1495921260,0.0059203506
1495921320,-0.011894286
1495921380,-0.019898042
1495921440,-0.019399062
1495921500,-0.048550725
1495921560,-0.039221957
1495921620,-0.019210234
1495921680,-0.0041039437
1495921740,-0.0069842488
1495921800,0.006159842
1495921860,-0.012853891
1495921920,-0.0029800534
1495921980,0.012671277
1495922040,0.025488377
1495922100,0.011925116
1495922160,0.007409662
1495922220,-0.0075707436
1495922280,-0.028219655
1495922340,-0.038839653
1495922400,-0.029837891
1495922460,-0.002631545
1495922520,0.0016827881
1495922580,0.0020727515
1495922640,0.041052178
1495922700,0.04841876
1495922760,0.024935618
1495922820,0.043421224
1495922880,0.037924677
1495922940,0.017384782
1495923000,-0.0008659065
1495923060,0.0054106116
1495923120,-0.031371713
1495923180,-0.03490606
1495923240,-0.0429098
1495923300,-0.026386395
1495923360,0.0024551004
1495923420,0.016253263
1495923480,0.038009122
1495923540,0.08483724
1495923600,0.10168767
1495923660,0.051497146
1495923720,0.060171917
1495923780,0.07026376
1495923840,0.06051582
1495923900,0.06275892
1495923960,0.09487073
1495924020,0.09362556
1495924080,0.07014242
1495924140,0.055271044
1495924200,0.037347376
1495924260,0.024765208
1495924320,0.042814746
1495924380,0.07143824
1495924440,0.11477806
1495924500,0.13795106
1495924560,0.15109515
1495924620,0.13796794
1495924680,0.13639574
1495924740,0.11073241
1495924800,0.11090435
1495924860,0.15108289
1495924920,0.14188004
1495924980,0.13300417
1495925040,0.098510996
1495925100,0.122556105
1495925160,0.1467102
1495925220,0.17729586
1495925280,0.19425529
1495925340,0.24032035
1495925400,0.23035444
1495925460,0.17994587
1495925520,0.18971068
1495925580,0.19598716
1495925640,0.18798341
1495925700,0.16984175
1495925760,0.15736859
1495925820,0.11742501
1495925880,0.112582535
1495925940,0.103815705
1495926000,0.121211156
1495926060,0.1164777
1495926120,0.14858948
1495926180,0.14142662
1495926240,0.19217072
1495926300,0.22583978
1495926360,0.25446326
1495926420,0.2531091
1495926480,0.25636446
1495926540,0.21915448
1495926600,0.18746449
1495926660,0.1960302
1495926720,0.19271383
1495926780,0.18449204
1495926840,0.16460621
1495926900,0.14166813
1495926960,0.15415816
1495927020,0.16817437
1495927080,0.19014826
1495927140,0.20896089
1495927200,0.2236311
1495927260,0.21192104
1495927320,0.21023984
1495927380,0.20866764
1495927440,0.21014774
1495927500,0.22558106
1495927560,0.23392874
1495927620,0.23802501
1495927680,0.24190329
1495927740,0.22768596
1495927800,0.22698584
1495927860,0.21592978
1495927920,0.23659557
1495927980,0.22205123
1495928040,0.26953343
1495928100,0.31058404
1495928160,0.32242003
1495928220,0.3089658
1495928280,0.33104867
1495928340,0.30451328
1495928400,0.2820112
1495928460,0.3155401
1495928520,0.30775437
1495928580,0.3216927
1495928640,0.34204704
1495928700,0.32564953
1495928760,0.34326303
1495928820,0.37264955
1495928880,0.400728
1495928940,0.4024105
1495929000,0.4429161
1495929060,0.41899693
1495929120,0.44249693
1495929180,0.43326297
1495929240,0.4501134
1495929300,0.44189155
1495929360,0.4672448
1495929420,0.42141464
1495929480,0.43477675
1495929540,0.42350268
1495929600,0.4434054
1495929660,0.44510347
1495929720,0.48615408
1495929780,0.51455957
1495929840,0.58526087
1495929900,0.57845616
1495929960,0.56227666
1495930020,0.589265
1495930080,0.5924892
1495930140,0.5736935
1495930200,0.5950133
1495930260,0.6169873
1495930320,0.6292593
1495930380,0.6507971
1495930440,0.6704818
1495930500,0.68209976
1495930560,0.75661635
1495930620,0.77608305
1495930680,0.78552085
1495930740,0.8036794
1495930800,0.86522377
1495930860,0.8103459
1495930920,0.84758115
1495930980,0.84502786
1495931040,0.8544656
1495931100,0.79064894
1495931160,0.81752825
1495931220,0.7780207
1495931280,0.7740502
1495931340,0.72505885
1495931400,0.7482319
1495931460,0.7211514
1495931520,0.6963601
1495931580,0.7043807
1495931640,0.7442323
1495931700,0.764898
1495931760,0.7904693
1495931820,0.8287946
1495931880,0.80040604
1495931940,0.8050474
1495932000,0.78003806
1495932060,0.7941633
1495932120,0.78953886
1495932180,0.8133659
1495932240,0.78530437
1495932300,0.80106467
1495932360,0.759595
1495932420,0.7450506
1495932480,0.76201004
1495932540,0.78104067
1495932600,0.807811
1495932660,0.83327323
1495932720,0.8468534
1495932780,0.84048474
1495932840,0.85035855
1495932900,0.81902677
1495932960,0.7963066
1495933020,0.789611
1495933080,0.7583881
1495933140,0.7184446
1495933200,0.72079676
1495933260,0.72587407
1495933320,0.7174871
1495933380,0.7280116
1495933440,0.8116254
1495933500,0.81844026
1495933560,0.81800413
1495933620,0.83064926
1495933680,0.82171047
1495933740,0.7745093
1495933800,0.759575
1495933860,0.7785427
1495933920,0.7650255
1495933980,0.80165267
1495934040,0.7591389
1495934100,0.75717676
1495934160,0.7909697
1495934220,0.8380619
1495934280,0.8268339
1495934340,0.88635325
1495934400,0.9225444
1495934460,0.88188386
1495934520,0.87839556
1495934580,0.87272704
1495934640,0.84776384
1495934700,0.8233456
1495934760,0.83326554
1495934820,0.8194213
1495934880,0.8116816
1495934940,0.7802868
1495935000,0.8050321
1495935060,0.8318484
1495935120,0.8341377
1495935180,0.8776325
1495935240,0.94140315
1495935300,0.97465116
1495935360,0.97279793
1495935420,0.9831538
1495935480,0.9763952
1495935540,0.995254
1495935600,0.94271123
1495935660,0.9238525
1495935720,0.87534326
1495935780,0.8633522
1495935840,0.8004536
1495935900,0.83086735
1495935960,0.8645513
1495936020,0.8775235
1495936080,0.8667315
1495936140,0.91371465
1495936200,0.90564793
1495936260,0.8599729
1495936320,0.9184021
1495936380,0.9421662
1495936440,0.8888604
1495936500,0.87850463
1495936560,0.8939839
1495936620,0.8668406
1495936680,0.8648783
1495936740,0.87806845
1495936800,0.9085912
1495936860,0.9290851
1495936920,0.9340995
1495936980,0.94401944
1495937040,1.0189091
1495937100,1.0093162
1495937160,1.0129136
1495937220,1.0441993
1495937280,1.0392939
1495937340,1.0372226
1495937400,1.0476876
1495937460,0.99917835
1495937520,0.93856895
1495937580,0.8962732
1495937640,0.7806139
1495937700,0.72000444
1495937760,0.7900978
1495937820,0.8329385
1495937880,0.83326554
1495937940,0.8802487
1495938000,0.9424933
1495938060,0.90652007
1495938120,0.9154588
1495938180,0.97454214
1495938240,0.98849523
1495938300,0.99547195
1495938360,1.0027755
1495938420,0.973125
1495938480,0.9530672
1495938540,0.97792137
1495938600,0.9912205
1495938660,1.020544
1495938720,1.0554273
1495938780,1.0618589
1495938840,1.1237764
1495938900,1.1124393
1495938960,1.1031735
1495939020,1.1235583
1495939080,1.1538631
1495939140,1.130862
1495939200,1.1355493
1495939260,1.1671623
1495939320,1.155171
1495939380,1.1368575
1495939440,1.0931447
1495939500,1.1048086
1495939560,1.1263925
1495939620,1.1928886
1495939680,1.2358383
1495939740,1.2939405
1495939800,1.3304588
1495939860,1.3233731
1495939920,1.2834755
1495939980,1.2803143
1495940040,1.2572042
1495940100,1.28958
1495940160,1.2893621
1495940220,1.2926323
1495940280,1.2856557
1495940340,1.2846746
1495940400,1.2657069
1495940460,1.3025523
1495940520,1.3891059
1495940580,1.4304205
1495940640,1.5323447
1495940700,1.5940441
1495940760,1.60331
1495940820,1.5613412
1495940880,1.5739863
1495940940,1.5621042
1495941000,1.525695
1495941060,1.5139221
1495941120,1.5106518
1495941180,1.4949543
1495941240,1.4486252
1495941300,1.4409946
1495941360,1.4898307
1495941420,1.5102158
1495941480,1.4879777
1495941540,1.4928832
1495941600,1.4830722
1495941660,1.4399045
1495941720,1.3790771
1495941780,1.3485544
1495941840,1.3192307
1495941900,1.266688
1495941960,1.1914713
1495942020,1.1848685
1495942080,1.21332
1495942140,1.2448238
1495942200,1.3210216
1495942260,1.3883897
1495942320,1.4482981
1495942380,1.4744605
1495942440,1.5785649
1495942500,1.5764935
1495942560,1.6357948
1495942620,1.6585778
1495942680,1.6748203
1495942740,1.6428804
1495942800,1.6462598
1495942860,1.6549805
1495942920,1.6764554
1495942980,1.7184243
1495943040,1.738264
1495943100,1.7800146
1495943160,1.8031249
1495943220,1.8311403
1495943280,1.8105375
1495943340,1.7866642
1495943400,1.7764174
1495943460,1.7517812
1495943520,1.7417523
1495943580,1.7503641
1495943640,1.7414253
1495943700,1.7705308
1495943760,1.739245
1495943820,1.6985844
1495943880,1.692807
1495943940,1.7167891
1495944000,1.7452406
1495944060,1.8455296
1495944120,1.9174759
1495944180,1.9646771
1495944240,2.040439
1495944300,2.032808
1495944360,2.0226703
1495944420,2.0234332
1495944480,2.0533018
1495944540,2.0366235
1495944600,2.0034845
1495944660,1.9845169
1495944720,1.9644591
1495944780,1.9715447
1495944840,1.9144236
1495944900,1.9354625
1495944960,1.9698005
1495945020,1.997489
1495945080,1.9652222
1495945140,2.0029395
1495945200,1.9921476
1495945260,1.9423301
1495945320,1.9461454
1495945380,1.9464725
1495945440,1.9097363
1495945500,1.9255425
1495945560,1.9103903
1495945620,1.8949109
1495945680,1.90821
1495945740,1.8943659
1495945800,1.9128975
1495945860,1.9325193
1495945920,1.9259787
1495945980,1.905703
1495946040,2.0028305
1495946100,1.9992332
1495946160,2.0232153
1495946220,2.0188081
1495946280,2.005509
1495946340,1.9586349
1495946400,1.9240787
1495946460,1.8974805
1495946520,1.8882613
1495946580,1.8943659
1495946640,1.8477097
1495946700,1.8416051
1495946760,1.8426954
1495946820,1.8555584
1495946880,1.8425864
1495946940,1.8535962
1495947000,1.8320123
1495947060,1.7600659
1495947120,1.7188601
1495947180,1.7017456
1495947240,1.6200975
1495947300,1.5641755
1495947360,1.5954612
1495947420,1.5756216
1495947480,1.590992
1495947540,1.6543264
1495947600,1.7238748
1495947660,1.760175
1495947720,1.8146799
1495947780,1.827434
1495947840,1.9193292
1495947900,1.9255425
1495947960,1.9052669
1495948020,1.9128976
1495948080,1.9060297
1495948140,1.8486907
1495948200,1.8307042
1495948260,1.8642792
1495948320,1.8472738
1495948380,1.828088
1495948440,1.7663884
1495948500,1.7825217
1495948560,1.762464
1495948620,1.7313963
1495948680,1.7213675
1495948740,1.7416433
1495948800,1.7189692
1495948860,1.6691519
1495948920,1.6792897
1495948980,1.6862663
1495949040,1.6615212
1495949100,1.6188983
1495949160,1.6292542
1495949220,1.5908829
1495949280,1.5457529
1495949340,1.5512034
1495949400,1.5520754
1495949460,1.5323447
1495949520,1.5344158
1495949580,1.5642846
1495949640,1.602874
1495949700,1.6397192
1495949760,1.6377571
1495949820,1.6338327
1495949880,1.6113766
1495949940,1.5734414
1495950000,1.5332168
1495950060,1.536378
1495950120,1.5202446
1495950180,1.501713
1495950240,1.4556018
1495950300,1.4372883
1495950360,1.4210458
1495950420,1.3959736
1495950480,1.4245341
1495950540,1.4224628
1495950600,1.4392505
1495950660,1.422245
1495950720,1.4598533
1495950780,1.4152682
1495950840,1.3687211
1495950900,1.298846
1495950960,1.2183968
1495951020,1.1064439
1495951080,1.0471425
1495951140,1.0221483
1495951200,1.0257455
1495951260,1.0373005
1495951320,1.0422059
1495951380,1.0688043
1495951440,1.1541901
1495951500,1.1702145
1495951560,1.2159985
1495951620,1.2494645
1495951680,1.2505547
1495951740,1.2070599
1495951800,1.1577874
1495951860,1.1209421
1495951920,1.119525
1495951980,1.1013203
1495952040,1.0605507
1495952100,1.0364597
1495952160,1.034918
1495952220,1.0539947
1495952280,1.081792
1495952340,1.0919299
1495952400,1.1680187
1495952460,1.1512468
1495952520,1.1863478
1495952580,1.1741389
1495952640,1.1498297
1495952700,1.0816985
1495952760,1.1066619
1495952820,1.0000504
1495952880,0.9765043
1495952940,0.9809737
1495953000,0.9877323
1495953060,0.9675655
1495953120,0.98893136
1495953180,1.0161839
1495953240,1.0435452
1495953300,1.0548822
1495953360,1.0576075
1495953420,1.051721
1495953480,0.9844619
1495953540,0.96167904
1495953600,0.93191934
1495953660,0.9330094
1495953720,0.8802487
1495953780,0.84918094
1495953840,0.84002405
1495953900,0.8438394
1495953960,0.81146353
1495954020,0.83718985
1495954080,0.86902076
1495954140,0.82410866
1495954200,0.77232915
1495954260,0.71684325
1495954320,0.7319955
1495954380,0.7217486
1495954440,0.68087006
1495954500,0.6745474
1495954560,0.6882826
1495954620,0.59736854
1495954680,0.5637936
1495954740,0.57044315
1495954800,0.5695712
1495954860,0.54842323
1495954920,0.53250784
1495954980,0.5311997
1495955040,0.57763773
1495955100,0.5600873
1495955160,0.5131041
1495955220,0.48857692
1495955280,0.42622334
1495955340,0.34719136
1495955400,0.2782972
1495955460,0.24712041
1495955520,0.23316717
1495955580,0.22248423
1495955640,0.19795704
1495955700,0.20918503
1495955760,0.24374115
1495955820,0.24886456
1495955880,0.2233563
1495955940,0.2106022
1495956000,0.22597256
1495956060,0.17953442
1495956120,0.19915618
1495956180,0.22695364
1495956240,0.21005712
1495956300,0.18062453
1495956360,0.17615514
1495956420,0.13102509
1495956480,0.085895106
1495956540,0.057988614
1495956600,0.04512547
1495956660,0.04098311
1495956720,0.033352405
1495956780,0.02190639
1495956840,0.0836059
1495956900,0.10704297
1495956960,0.09428884
1495957020,0.080989644
1495957080,0.08393288
1495957140,0.050248906
1495957200,0.0056639314
1495957260,-0.01766415
1495957320,-0.044698536
1495957380,-0.07304104
1495957440,-0.14073607
1495957500,-0.17409304
1495957560,-0.17409304
1495957620,-0.17529213
1495957680,-0.18052462
1495957740,-0.15021993
1495957800,-0.1073791
1495957860,-0.10879622
1495957920,-0.084923096
1495957980,-0.07631133
1495958040,-0.11544581
1495958100,-0.16330108
1495958160,-0.16035782
1495958220,-0.21137437
1495958280,-0.2244555
1495958340,-0.2273988
1495958400,-0.18619312
1495958460,-0.20080042
1495958520,-0.1937148
1495958580,-0.18619312
1495958640,-0.12427561
1495958700,-0.15861367
1495958760,-0.16853355
1495958820,-0.16003078
1495958880,-0.17736332
1495958940,-0.23230422
1495959000,-0.22478253
1495959060,-0.22805282
1495959120,-0.2646801
1495959180,-0.27263778
1495959240,-0.27645314
1495959300,-0.31057316
1495959360,-0.32136515
1495959420,-0.30228844
1495959480,-0.3153696
1495959540,-0.31602365
1495959600,-0.2938947
1495959660,-0.297601
1495959720,-0.30250645
1495959780,-0.2906244
1495959840,-0.33172107
1495959900,-0.37805015
1495959960,-0.4066107
1495960020,-0.43015677
1495960080,-0.4615516
1495960140,-0.5084257
1495960200,-0.5101699
1495960260,-0.53982055
1495960320,-0.5394935
1495960380,-0.5451621
1495960440,-0.48596978
1495960500,-0.46776518
1495960560,-0.44454607
1495960620,-0.4579543
1495960680,-0.46438587
1495960740,-0.46427685
1495960800,-0.45184973
1495960860,-0.4399677
1495960920,-0.4601345
1495960980,-0.44378304
1495961040,-0.49970502
1495961100,-0.544726
1495961160,-0.5777559
1495961220,-0.5511576
1495961280,-0.60740656
1495961340,-0.6070795
1495961400,-0.6046814
1495961460,-0.6033732
1495961520,-0.61296606
1495961580,-0.5594423
1495961640,-0.5650018
1495961700,-0.6267013
1495961760,-0.6722673
1495961820,-0.6977756
1495961880,-0.7381092
1495961940,-0.74116147
1495962000,-0.657551
1495962060,-0.5820073
1495962120,-0.5684901
1495962180,-0.5495224
1495962240,-0.49567163
1495962300,-0.5199808
1495962360,-0.53818536
1495962420,-0.5314268
1495962480,-0.54731107
1495962540,-0.58826756
1495962600,-0.615411
1495962660,-0.6476779
1495962720,-0.6908457
1495962780,-0.70581114
1495962840,-0.7311325
1495962900,-0.72971547
1495962960,-0.7143918
1495963020,-0.67449427
1495963080,-0.6253309
1495963140,-0.57126206
1495963200,-0.5496782
1495963260,-0.5505035
1495963320,-0.521616
1495963380,-0.533062
1495963440,-0.5659829
1495963500,-0.57928205
1495963560,-0.5991218
1495963620,-0.63607615
1495963680,-0.6745566
1495963740,-0.66420066
1495963800,-0.64697707
1495963860,-0.61743546
1495963920,-0.62037873
1495963980,-0.6223409
1495964040,-0.5795001
1495964100,-0.5495224
1495964160,-0.55115753
1495964220,-0.5595513
1495964280,-0.53567815
1495964340,-0.5731775
1495964400,-0.6265923
1495964460,-0.6283364
1495964520,-0.6150372
1495964580,-0.6099138
1495964640,-0.64064616
1495964700,-0.62858796
1495964760,-0.6279339
1495964820,-0.6320763
1495964880,-0.65551335
1495964940,-0.6163873
1495965000,-0.6261562
1495965060,-0.7766986
1495965120,-0.82869625
1495965180,-0.7598021
1495965240,-0.77255625
1495965300,-0.7633995
1495965360,-0.59846777
1495965420,-0.54243684
1495965480,-0.59552455
1495965540,-0.6100228
1495965600,-0.521943
1495965660,-0.45708215
1495965720,-0.4112981
1495965780,-0.36965638
1495965840,-0.29313162
1495965900,-0.31635067
1495965960,-0.38132048
1495966020,-0.38568085
1495966080,-0.41238824
1495966140,-0.42067295
1495966200,-0.4503236
1495966260,-0.4387686
1495966320,-0.48760492
1495966380,-0.4905482
1495966440,-0.5234691
1495966500,-0.5351331
1495966560,-0.5199808
1495966620,-0.4830265
1495966680,-0.4763769
1495966740,-0.45795426
1495966800,-0.42121798
1495966860,-0.45108667
1495966920,-0.41576752
1495966980,-0.37870425
1495967040,-0.4058476
1495967100,-0.42677748
1495967160,-0.42623246
1495967220,-0.45522904
1495967280,-0.4555561
1495967340,-0.47441477
1495967400,-0.47713998
1495967460,-0.46449488
1495967520,-0.47103542
1495967580,-0.4525038
1495967640,-0.4006152
1495967700,-0.35635722
1495967760,-0.32703364
1495967820,-0.3453473
1495967880,-0.39309353
1495967940,-0.40344942
1495968000,-0.45326686
1495968060,-0.5010131
1495968120,-0.5122411
1495968180,-0.5146393
1495968240,-0.53415203
1495968300,-0.53491515
1495968360,-0.5345881
1495968420,-0.5167105
1495968480,-0.5750307
1495968540,-0.57699287
1495968600,-0.5641297
1495968660,-0.567509
1495968720,-0.5247772
1495968780,-0.4581723
1495968840,-0.45686418
1495968900,-0.48237246
1495968960,-0.4938185
1495969020,-0.5481053
1495969080,-0.54832333
1495969140,-0.5251043
1495969200,-0.46035248
1495969260,-0.38916916
1495969320,-0.31177226
1495969380,-0.30948305
1495969440,-0.29106042
1495969500,-0.29945418
1495969560,-0.34414816
1495969620,-0.38480878
1495969680,-0.39276648
1495969740,-0.41871077
1495969800,-0.4684192
1495969860,-0.48324454
1495969920,-0.511914
1495969980,-0.54341793
1495970040,-0.55769813
1495970100,-0.5415647
1495970160,-0.5288106
1495970220,-0.5291376
1495970280,-0.5185637
1495970340,-0.5139853
1495970400,-0.5099519
1495970460,-0.55279267
1495970520,-0.52586734
1495970580,-0.51245916
1495970640,-0.5391665
1495970700,-0.5805901
1495970760,-0.5647838
1495970820,-0.60293716
1495970880,-0.60315514
1495970940,-0.6235399
1495971000,-0.61710835
1495971060,-0.623322
1495971120,-0.63182473
1495971180,-0.6437068
1495971240,-0.57841
1495971300,-0.56238556
1495971360,-0.5441809
1495971420,-0.54232776
1495971480,-0.54189175
1495971540,-0.5476693
1495971600,-0.58334655
1495971660,-0.5979695
1495971720,-0.63078135
1495971780,-0.65421844
1495971840,-0.7022917
1495971900,-0.695502
1495971960,-0.69635844
1495972020,-0.6838224
1495972080,-0.66496366
1495972140,-0.646214
1495972200,-0.62059677
1495972260,-0.6366212
1495972320,-0.61645436
1495972380,-0.6554798
1495972440,-0.67760885
1495972500,-0.7394173
1495972560,-0.7427966
1495972620,-0.769722
1495972680,-0.75140834
1495972740,-0.77266526
1495972800,-0.7117288
1495972860,-0.701809
1495972920,-0.6996287
1495972980,-0.68207824
1495973040,-0.6166724
1495973100,-0.6482852
1495973160,-0.65493476
1495973220,-0.6414176
1495973280,-0.67531955
1495973340,-0.7051883
1495973400,-0.7304785
1495973460,-0.7267722
1495973520,-0.7831302
1495973580,-0.7899978
1495973640,-0.8310945
1495973700,-0.83392876
1495973760,-0.8571477
1495973820,-0.84068733
1495973880,-0.8418864
1495973940,-0.83818007
1495974000,-0.8163781
1495974060,-0.8313124
1495974120,-0.7946852
1495974180,-0.8177952
1495974240,-0.8177952
1495974300,-0.871428
1495974360,-0.8653234
1495974420,-0.92059135
1495974480,-0.8974813
1495974540,-0.905439
1495974600,-0.89530116
1495974660,-0.89530116
1495974720,-0.89508307
1495974780,-0.9236437
1495974840,-0.88570833
1495974900,-0.86216223
1495974960,-0.8555127
1495975020,-0.8407963
1495975080,-0.82553494
1495975140,-0.86336136
1495975200,-0.90314984
1495975260,-0.93563473
1495975320,-0.94675374
1495975380,-0.9713899
1495975440,-1.0180461
1495975500,-1.0449715
1495975560,-1.0370138
1495975620,-1.0408291
1495975680,-1.0227334
1495975740,-0.9816369
1495975800,-0.93650687
1495975860,-0.9532943
1495975920,-0.938142
1495975980,-0.95612854
1495976040,-0.98370796
1495976100,-1.0043108
1495976160,-1.0106335
1495976220,-1.0487868
1495976280,-1.0496589
1495976340,-1.0652473
1495976400,-1.0849781
1495976460,-1.0855231
1495976520,-1.07375
1495976580,-1.0898834
1495976640,-1.0375588
1495976700,-1.0301461
1495976760,-1.0294921
1495976820,-1.040066
1495976880,-1.0516211
1495976940,-1.0769113
1495977000,-1.0794187
1495977060,-1.0834519
1495977120,-1.1160458
1495977180,-1.1173539
1495977240,-1.1543082
1495977300,-1.1677164
1495977360,-1.1569245
1495977420,-1.1255298
1495977480,-1.1160458
1495977540,-1.0990403
1495977600,-1.0819257
1495977660,-1.0802907
1495977720,-1.0751672
1495977780,-1.074295
1495977840,-1.0838879
1495977900,-1.1114674
1495977960,-1.1543082
1495978020,-1.2041256
1495978080,-1.2225482
1495978140,-1.2325771
1495978200,-1.2457674
1495978260,-1.2330132
1495978320,-1.2296338
1495978380,-1.2185149
1495978440,-1.1714227
1495978500,-1.1434072
1495978560,-1.1265107
1495978620,-1.0833428
1495978680,-1.0929358
1495978740,-1.1073251
1495978800,-1.1237855
1495978860,-1.1207333
1495978920,-1.1504928
1495978980,-1.1388289
1495979040,-1.1944238
1495979100,-1.174911
1495979160,-1.175129
1495979220,-1.1748021
1495979280,-1.1907175
1495979340,-1.1737118
1495979400,-1.1877741
1495979460,-1.1982391
1495979520,-1.1535451
1495979580,-1.1428622
1495979640,-1.1555073
1495979700,-1.1575785
1495979760,-1.1849399
1495979820,-1.2369375
1495979880,-1.2409708
1495979940,-1.2428241
1495980000,-1.2355205
1495980060,-1.2218943
1495980120,-1.2297429
1495980180,-1.2603745
1495980240,-1.2154627
1495980300,-1.2477295
1495980360,-1.2223302
1495980420,-1.1853759
1495980480,-1.1770912
1495980540,-1.1633561
1495980600,-1.1454785
1495980660,-1.1560524
1495980720,-1.1896273
1495980780,-1.163029
1495980840,-1.2140455
1495980900,-1.2250556
1495980960,-1.2363925
1495981020,-1.2368286
1495981080,-1.2547061
1495981140,-1.231487
1495981200,-1.241298
1495981260,-1.2529619
1495981320,-1.2179699
1495981380,-1.219714
1495981440,-1.2381366
1495981500,-1.2092491
1495981560,-1.207832
1495981620,-1.2278898
1495981680,-1.2262546
1495981740,-1.2334492
1495981800,-1.253289
1495981860,-1.2571043
1495981920,-1.2692822
1495981980,-1.2500031
1495982040,-1.2208353
1495982100,-1.1957631
1495982160,-1.1640412
1495982220,-1.1502281
1495982280,-1.154791
1495982340,-1.1501658
1495982400,-1.1605217
1495982460,-1.1702081
1495982520,-1.197803
1495982580,-1.1954048
1495982640,-1.2367195
1495982700,-1.242933
1495982760,-1.236299
1495982820,-1.1990023
1495982880,-1.2007463
1495982940,-1.1993291
1495983000,-1.1712047
1495983060,-1.1931157
1495983120,-1.1691335
1495983180,-1.1780723
1495983240,-1.1658632
1495983300,-1.1821057
1495983360,-1.184722
1495983420,-1.2246194
1495983480,-1.2161167
1495983540,-1.2257096
1495983600,-1.2029265
1495983660,-1.1837409
1495983720,-1.2169888
1495983780,-1.2203681
1495983840,-1.1716408
1495983900,-1.1700056
1495983960,-1.1496208
1495984020,-1.1031826
1495984080,-1.0951159
1495984140,-1.0980592
1495984200,-1.1053629
1495984260,-1.107107
1495984320,-1.1241126
1495984380,-1.1111405
1495984440,-1.1511469
1495984500,-1.1598676
1495984560,-1.1535451
1495984620,-1.1316342
1495984680,-1.1493872
1495984740,-1.136197
1495984800,-1.1164663
1495984860,-1.1263862
1495984920,-1.103167
1495984980,-1.0808357
1495985040,-1.0798545
1495985100,-1.0700437
1495985160,-1.0632851
1495985220,-1.0948979
1495985280,-1.1196431
1495985340,-1.1277099
1495985400,-1.1429712
1495985460,-1.1644461
1495985520,-1.1483128
1495985580,-1.1243305
1495985640,-1.0790915
1495985700,-1.0871582
1495985760,-1.0542374
1495985820,-1.0587068
1495985880,-1.0727689
1495985940,-1.0568535
1495986000,-1.0518391
1495986060,-1.0754942
1495986120,-1.0889024
1495986180,-1.074077
1495986240,-1.1255298
1495986300,-1.1370847
1495986360,-1.1151737
1495986420,-1.073859
1495986480,-1.0727689
1495986540,-1.0459526
1495986600,-1.0163019
1495986660,-1.0382129
1495986720,-1.0193542
1495986780,-0.99035764
1495986840,-0.98229086
1495986900,-0.9841441
1495986960,-0.99035764
1495987020,-1.0351605
1495987080,-1.0543463
1495987140,-1.0792005
